0,1,2
0.01,-3.8537739999999997e-56,-2.30476e-147
0.02,-1.016291e-55,-2.495106e-134
0.03,-2.9562300000000002e-55,-1.756154e-126
0.04,-8.729154e-55,-9.936831e-121
0.05,-2.571509e-54,-3.8029739999999997e-116
0.06,-7.539978e-54,-2.5459720000000003e-112
0.07,-2.200482e-53,-4.981074e-109
0.08,-6.39274e-53,-3.887289e-106
0.09,-1.848843e-52,-1.483816e-103
0.1,-5.323064e-52,-3.191058e-101
0.11,-1.5257109999999998e-51,-4.283161000000001e-99
0.12,-4.3534299999999996e-51,-3.873926e-97
0.13,-1.236628e-50,-2.5043810000000002e-95
0.14,-3.496994e-50,-1.212156e-93
0.15,-9.844609e-50,-4.559102e-92
0.16,-2.758987e-49,-1.3734919999999999e-90
0.17,-7.697473e-49,-3.398402e-89
0.18,-2.137932e-48,-7.052138e-88
0.19,-5.911349999999999e-48,-1.2492629999999999e-86
0.2,-1.627144e-47,-1.9179509999999997e-85
0.21,-4.458739e-47,-2.58536e-84
0.22,-1.21631e-46,-3.094616e-83
0.23,-3.303105e-46,-3.3218380000000004e-82
0.24,-8.929896e-46,-3.2255510000000003e-81
0.25,-2.4033440000000002e-45,-2.855079e-80
0.26,-6.439182e-45,-2.319476e-79
0.27,-1.717475e-44,-1.740108e-78
0.28,-4.560317999999999e-44,-1.212183e-77
0.29,-1.205436e-43,-7.880056e-77
0.3,-3.172032e-43,-4.802034e-76
0.31,-8.309501e-43,-2.7545640000000003e-75
0.32,-2.166985e-42,-1.493008e-74
0.33,-5.6257509999999996e-42,-7.673199e-74
0.34,-1.453945e-41,-3.751538e-73
0.35,-3.740749e-41,-1.750169e-72
0.36,-9.581019e-41,-7.813155e-72
0.37,-2.442908e-40,-3.346699e-71
0.38,-6.200754e-40,-1.378984e-70
0.39,-1.566836e-39,-5.479147e-70
0.4,-3.9413410000000005e-39,-2.1042290000000002e-69
0.41,-9.869737e-39,-7.828518000000001e-69
0.42,-2.460412e-38,-2.827623e-68
0.43,-6.105912999999999e-38,-9.936684e-68
0.44,-1.508459e-37,-3.404382e-67
0.45,-3.709848e-37,-1.139431e-66
0.46,-9.08277e-37,-3.732877e-66
0.47,-2.2137039999999998e-36,-1.199312e-65
0.48,-5.3710549999999995e-36,-3.785747e-65
0.49,-1.297293e-35,-1.176158e-64
0.5,-3.1192809999999997e-35,-3.602444e-64
0.51,-7.466357e-35,-1.089488e-63
0.52,-1.7791e-34,-3.258091e-63
0.53,-4.220159e-34,-9.646788999999999e-63
0.54,-9.965382e-34,-2.831269e-62
0.55,-2.342584e-33,-8.245048e-62
0.56,-5.481916e-33,-2.384454e-61
0.57,-1.277041e-32,-6.852933e-61
0.58,-2.961505e-32,-1.958422e-60
0.59,-6.836828000000001e-32,-5.567714e-60
0.6,-1.571198e-31,-1.575226e-59
0.61,-3.594522e-31,-4.436305e-59
0.62,-8.186241e-31,-1.2439389999999999e-58
0.63,-1.855927e-30,-3.47327e-58
0.64,-4.188607e-30,-9.657951e-58
0.65,-9.41045e-30,-2.674666e-57
0.66,-2.104663e-29,-7.377570999999999e-57
0.67,-4.685824e-29,-2.026895e-56
0.68,-1.038532e-28,-5.5466739999999995e-56
0.69,-2.29131e-28,-1.511903e-55
0.7,-5.032428000000001e-28,-4.1049680000000004e-55
0.71,-1.1002720000000001e-27,-1.1101790000000001e-54
0.72,-2.394702e-27,-2.990717e-54
0.73,-5.188369e-27,-8.025253e-54
0.74,-1.11902e-26,-2.145084e-53
0.75,-2.402546e-26,-5.711274e-53
0.76,-5.1348999999999995e-26,-1.514697e-52
0.77,-1.092492e-25,-4.001507e-52
0.78,-2.313821e-25,-1.0529969999999999e-51
0.79,-4.878271e-25,-2.760178e-51
0.8,-1.023826e-24,-7.206997e-51
0.81,-2.138998e-24,-1.874475e-50
0.82,-4.448536e-24,-4.856394e-50
0.83,-9.209717e-24,-1.2533079999999999e-49
0.84,-1.898004e-23,-3.221899e-49
0.85,-3.893758e-23,-8.250442e-49
0.86,-7.951720000000001e-23,-2.1045269999999998e-48
0.87,-1.61649e-22,-5.3474199999999996e-48
0.88,-3.2711750000000002e-22,-1.353467e-47
0.89,-6.589507e-22,-3.412439e-47
0.9,-1.321355e-21,-8.570324e-47
0.91,-2.637565e-21,-2.1441010000000002e-46
0.92,-5.240862e-21,-5.343302e-46
0.93,-1.036615e-20,-1.326451e-45
0.94,-2.04102e-20,-3.280129e-45
0.95,-4.0002809999999995e-20,-8.079961e-45
0.96,-7.804528999999999e-20,-1.982654e-44
0.97,-1.5157059999999999e-19,-4.846239999999999e-44
0.98,-2.9301829999999996e-19,-1.1800050000000002e-43
0.99,-5.638776e-19,-2.8620970000000003e-43
1.0,-1.080151e-18,-6.915242000000001e-43
1.01,-2.059647e-18,-1.6643839999999998e-42
1.02,-3.909389e-18,-3.9904659999999996e-42
1.03,-7.386382e-18,-9.530558999999999e-42
1.04,-1.389186e-17,-2.267454e-41
1.05,-2.6007230000000002e-17,-5.373841e-41
1.06,-4.8465370000000003e-17,-1.268697e-40
1.07,-8.990251000000001e-17,-2.983724e-40
1.08,-1.660022e-16,-6.990168e-40
1.09,-3.051103e-16,-1.6313440000000003e-39
1.1,-5.582122e-16,-3.7925690000000005e-39
1.11,-1.016577e-15,-8.783178e-39
1.12,-1.842803e-15,-2.0262879999999999e-38
1.13,-3.325167e-15,-4.6567449999999997e-38
1.14,-5.97232e-15,-1.066096e-37
1.15,-1.067742e-14,-2.431328e-37
1.16,-1.900126e-14,-5.523633e-37
1.17,-3.36581e-14,-1.2500879999999999e-36
1.18,-5.934536e-14,-2.818331e-36
1.19,-1.041531e-13,-6.329645e-36
1.2,-1.819471e-13,-1.416131e-35
1.21,-3.163762e-13,-3.156204e-35
1.22,-5.475789e-13,-7.007525e-35
1.23,-9.433489e-13,-1.5498979999999999e-34
1.24,-1.61763e-12,-3.414923e-34
1.25,-2.760997e-12,-7.495471e-34
1.26,-4.690624e-12,-1.63892e-33
1.27,-7.931799e-12,-3.569914e-33
1.28,-1.335019e-11,-7.746400000000001e-33
1.29,-2.236538e-11,-1.674498e-32
1.3,-3.729375e-11,-3.605893e-32
1.31,-6.189639e-11,-7.735437e-32
1.32,-1.022497e-10,-1.6531090000000002e-31
1.33,-1.681217e-10,-3.519356e-31
1.34,-2.751372e-10,-7.463984e-31
1.35,-4.481631e-10,-1.5769739999999999e-30
1.36,-7.265777e-10,-3.319138e-30
1.37,-1.172425e-09,-6.95943e-30
1.38,-1.882967e-09,-1.4536840000000002e-29
1.39,-3.009906e-09,-3.024929e-29
1.4,-4.788651e-09,-6.270605e-29
1.41,-7.582649e-09,-1.2949520000000001e-28
1.42,-1.195016e-08,-2.664084e-28
1.43,-1.874428e-08,-5.460006e-28
1.44,-2.926196e-08,-1.114781e-27
1.45,-4.546475e-08,-2.2674520000000002e-27
1.46,-7.030403e-08,-4.594508e-27
1.47,-1.081973e-07,-9.274548e-27
1.48,-1.657221e-07,-1.8650899999999998e-26
1.49,-2.526208e-07,-3.736464e-26
1.5,-3.832472e-07,-7.457203e-26
1.51,-5.786376e-07,-1.482675e-25
1.52,-8.694579e-07,-2.936777e-25
1.53,-1.300173e-06,-5.794978e-25
1.54,-1.934907e-06,-1.1391699999999999e-24
1.55,-2.865642e-06,-2.230908e-24
1.56,-4.223597e-06,-4.35243e-24
1.57,-6.194942e-06,-8.459387999999999e-24
1.58,-9.042362e-06,-1.6379620000000003e-23
1.59,-1.313445e-05,-3.1595590000000006e-23
1.6,-1.89855e-05,-6.071658000000001e-23
1.61,-2.730912e-05,-1.162376e-22
1.62,-3.90898e-05,-2.216895e-22
1.63,-5.567805e-05,-4.212139e-22
1.64,-7.891573e-05,-7.972962e-22
1.65,-0.0001113003,-1.5034749999999999e-21
1.66,-0.0001561981,-2.824444e-21
1.67,-0.0002181201,-5.286032e-21
1.68,-0.0003030745,-9.855687e-21
1.69,-0.000419015,-1.830647e-20
1.7,-0.0005764064,-3.38753e-20
1.71,-0.0007889316,-6.244857e-20
1.72,-0.001074368,-1.146893e-19
1.73,-0.001455664,-2.0983809999999997e-19
1.74,-0.001962252,-3.8247869999999995e-19
1.75,-0.002631627,-6.945305e-19
1.76,-0.003511233,-1.256426e-18
1.77,-0.00466069,-2.264351e-18
1.78,-0.006154386,-4.065481e-18
1.79,-0.008084469,-7.271795e-18
1.8,-0.01056423,-1.2957840000000001e-17
1.81,-0.01373189,-2.300303e-17
1.82,-0.01775477,-4.068164e-17
1.83,-0.02283371,-7.167589e-17
1.84,-0.02920782,-1.258081e-16
1.85,-0.03715913,-2.19991e-16
1.86,-0.04701727,-3.832321e-16
1.87,-0.05916367,-6.650882e-16
1.88,-0.0740351,-1.149891e-15
1.89,-0.09212602,-1.980587e-15
1.9,-0.1139895,-3.398526e-15
1.91,-0.1402357,-5.809605e-15
1.92,-0.171528,-9.893759e-15
1.93,-0.2085756,-1.678551e-14
1.94,-0.2521215,-2.837041e-14
1.95,-0.3029266,-4.776987e-14
1.96,-0.3617477,-8.013082e-14
1.97,-0.4293096,-1.339065e-13
1.98,-0.5062708,-2.229252e-13
1.99,-0.5931826,-3.697193e-13
2.0,-0.6904416,-6.108569e-13
2.01,-0.7982355,-1.00545e-12
2.02,-0.9164844,-1.648674e-12
2.03,-1.044777,-2.693155e-12
2.04,-1.182305,-4.382675e-12
2.05,-1.327798,-7.105058e-12
2.06,-1.47946,-1.147481e-11
2.07,-1.634913,-1.846172e-11
2.08,-1.791153,-2.959008e-11
2.09,-1.944517,-4.724618e-11
2.1,-2.090671,-7.51506e-11
2.11,-2.224623,-1.19081e-10
2.12,-2.340762,-1.879729e-10
2.13,-2.432929,-2.955898e-10
2.14,-2.494525,-4.630458e-10
2.15,-2.518653,-7.225985e-10
2.16,-2.498297,-1.12333e-09
2.17,-2.426543,-1.739616e-09
2.18,-2.296821,-2.683696e-09
2.19,-2.103188,-4.124256e-09
2.2,-1.840619,-6.313763e-09
2.21,-1.505317,-9.628521e-09
2.22,-1.095018,-1.462708e-08
2.23,-0.6092802,-2.213504e-08
2.24,-0.04974698,-3.336763e-08
2.25,0.5796353,-5.010613e-08
2.26,1.272459,-7.495048e-08
2.27,2.019768,-1.116795e-07
2.28,2.810061,-1.657624e-07
2.29,3.629384,-2.450806e-07
2.3,4.461528,-3.609439e-07
2.31,5.288334,-5.295118e-07
2.32,6.090094,-7.737734e-07
2.33,6.846052,-1.126292e-06
2.34,7.534988,-1.632993e-06
2.35,8.135865,-2.358361e-06
2.36,8.628522,-3.392544e-06
2.37,8.994389,-4.86101e-06
2.38,9.217186,-6.937605e-06
2.39,9.283589,-9.862131e-06
2.4,9.183829,-1.396388e-05
2.41,8.912186,-1.969298e-05
2.42,8.467371,-2.766193e-05
2.43,7.852754,-3.870032e-05
2.44,7.076443,-5.392661e-05
2.45,6.151184,-7.48416e-05
2.46,5.094101,-0.0001034497
2.47,3.926263,-0.0001424153
2.48,2.672101,-0.0001952627
2.49,1.358699,-0.0002666315
2.5,0.01497355,-0.0003625994
2.51,-1.329213,-0.0004910888
2.52,-2.643984,-0.0006623741
2.53,-3.900374,-0.0008897136
2.54,-5.071221,-0.001190127
2.55,-6.131989,-0.001585351
2.56,-7.061484,-0.002102994
2.57,-7.842439,-0.002777942
2.58,-8.461953,-0.003654029
2.59,-8.91176,-0.004786029
2.6,-9.188331,-0.006241997
2.61,-9.292807,-0.008105999
2.62,-9.230769,-0.01048126
2.63,-9.011868,-0.01349378
2.64,-8.649329,-0.01729636
2.65,-8.159356,-0.02207316
2.66,-7.560472,-0.02804463
2.67,-6.872812,-0.03547288
2.68,-6.117415,-0.04466733
2.69,-5.315527,-0.05599056
2.7,-4.487949,-0.06986411
2.71,-3.654451,-0.08677417
2.72,-2.833271,-0.1072766
2.73,-2.040705,-0.1320012
2.74,-1.2908,-0.1616543
2.75,-0.5951535,-0.1970201
2.76,0.03718422,-0.2389589
2.77,0.5997157,-0.2884024
2.78,1.088412,-0.346345
2.79,1.501557,-0.4138306
2.8,1.839531,-0.4919339
2.81,2.104547,-0.581735
2.82,2.300366,-0.6842874
2.83,2.431986,-0.8005783
2.84,2.505337,-0.9314804
2.85,2.526985,-1.077696
2.86,2.50385,-1.239694
2.87,2.442963,-1.417635
2.88,2.351239,-1.611294
2.89,2.235304,-1.819978
2.9,2.101345,-2.042437
2.91,1.955001,-2.276776
2.92,1.801298,-2.520374
2.93,1.644597,-2.769799
2.94,1.488591,-3.020752
2.95,1.336311,-3.268006
2.96,1.190159,-3.50539
2.97,1.051951,-3.725778
2.98,0.9229766,-3.921133
2.99,0.8040588,-4.082572
3.0,0.6956207,-4.200483
3.01,0.5977514,-4.26469
3.02,0.5102695,-4.264661
3.03,0.4327829,-4.189771
3.04,0.3647423,-4.029611
3.05,0.30549,-3.77434
3.06,0.2543005,-3.415079
3.07,0.2104151,-2.944329
3.08,0.1730706,-2.356408
3.09,0.1415207,-1.647891
3.1,0.115053,-0.8180312
3.11,0.0930007,0.1308453
3.12,0.07474991,1.193004
3.13,0.05974419,2.359038
3.14,0.0474858,3.615697
3.15,0.03753492,4.945828
3.16,0.02950731,6.328448
3.17,0.02307082,7.738955
3.18,0.01794113,9.149484
3.19,0.01387717,10.52942
3.2,0.01067633,11.84606
3.21,0.00816977,13.0654
3.22,0.006217925,14.15306
3.23,0.004706335,15.07527
3.24,0.003541812,15.79996
3.25,0.002649014,16.29786
3.26,0.001967425,16.54359
3.27,0.001448707,16.51666
3.28,0.001054436,16.20245
3.29,0.0007541569,15.59294
3.3,0.0005237405,14.68738
3.31,0.0003440003,13.49262
3.32,0.0001995274,12.02329
3.33,7.770812e-05,10.3017
3.34,-3.210936e-05,8.357402
3.35,-0.0001393355,6.226612
3.36,-0.0002527749,3.951263
3.37,-0.0003812066,1.577906
3.38,-0.0005339336,-0.8435974
3.39,-0.0007213265,-3.261523
3.4,-0.0009553824,-5.623816
3.41,-0.00125032,-7.879654
3.42,-0.001623229,-9.980982
3.43,-0.002094794,-11.88395
3.44,-0.002690108,-13.55021
3.45,-0.003439587,-14.94804
3.46,-0.004380003,-16.05315
3.47,-0.005555652,-16.84936
3.48,-0.007019647,-17.32883
3.49,-0.00883535,-17.49215
3.5,-0.01107795,-17.34799
3.51,-0.01383615,-16.91263
3.52,-0.01721399,-16.20911
3.53,-0.02133268,-15.26631
3.54,-0.02633257,-14.11775
3.55,-0.03237503,-12.80038
3.56,-0.0396442,-11.35328
3.57,-0.04834867,-9.816325
3.58,-0.05872275,-8.228982
3.59,-0.07102734,-6.629132
3.6,-0.08555019,-5.052054
3.61,-0.1026054,-3.529571
3.62,-0.1225321,-2.089379
3.63,-0.1456913,-0.7545689
3.64,-0.1724622,0.4566467
3.65,-0.2032363,1.531021
3.66,-0.2384096,2.460181
3.67,-0.2783726,3.240373
3.68,-0.323498,3.872084
3.69,-0.3741264,4.359555
3.7,-0.4305482,4.710217
3.71,-0.4929839,4.934088
3.72,-0.5615611,5.043155
3.73,-0.6362896,5.050758
3.74,-0.7170338,4.971015
3.75,-0.803484,4.81829
3.76,-0.8951264,4.606734
3.77,-0.9912131,4.349889
3.78,-1.090733,4.060374
3.79,-1.192384,3.749654
3.8,-1.294553,3.427877
3.81,-1.395291,3.103782
3.82,-1.492309,2.784681
3.83,-1.582971,2.476477
3.84,-1.664303,2.183737
3.85,-1.733013,1.909795
3.86,-1.785525,1.656883
3.87,-1.818028,1.426263
3.88,-1.826542,1.218383
3.89,-1.806998,1.033022
3.9,-1.755341,0.8694266
3.91,-1.667642,0.7264477
3.92,-1.540231,0.6026544
3.93,-1.369836,0.4964372
3.94,-1.15374,0.4060949
3.95,-0.8899348,0.3299057
3.96,-0.5772813,0.2661824
3.97,-0.2156627,0.2133151
3.98,0.1938728,0.1698009
3.99,0.6489878,0.1342626
4.0,1.145955,0.1054595
4.01,1.67959,0.08229042
4.02,2.243218,0.06379128
4.03,2.828691,0.04912879
4.04,3.426449,0.03759121
4.05,4.025634,0.02857746
4.06,4.61426,0.02158532
4.07,5.179436,0.01619941
4.08,5.707642,0.0120796
4.09,6.185051,0.008949986
4.1,6.597892,0.006588811
4.11,6.932844,0.004819447
4.12,7.177448,0.003502423
4.13,7.320533,0.002528543
4.14,7.352619,0.001813023
4.15,7.266313,0.001290562
4.16,7.056653,0.0009112593
4.17,6.721404,0.0006372686
4.18,6.261278,0.0004400931
4.19,5.680079,0.000298418
4.2,4.984751,0.0001963928
4.21,4.185325,0.000122285
4.22,3.29477,6.743244e-05
4.23,2.328733,2.543634e-05
4.24,1.305189,-8.455443e-06
4.25,0.2439973,-3.78169e-05
4.26,-0.8336165,-6.539707e-05
4.27,-1.905637,-9.338522e-05
4.28,-2.949875,-0.0001236091
4.29,-3.944608,-0.0001576826
4.3,-4.869204,-0.0001971157
4.31,-5.704732,-0.0002433961
4.32,-6.434507,-0.0002980486
4.33,-7.044578,-0.0003626783
4.34,-7.524113,-0.0004389999
4.35,-7.86569,-0.0005288557
4.36,-8.065469,-0.000634222
4.37,-8.123238,-0.0007572062
4.38,-8.04235,-0.0009000319
4.39,-7.829533,-0.001065012
4.4,-7.494593,-0.001254509
4.41,-7.050029,-0.001470879
4.42,-6.510564,-0.001716403
4.43,-5.892619,-0.001993194
4.44,-5.213756,-0.002303093
4.45,-4.492101,-0.002647535
4.46,-3.745781,-0.003027401
4.47,-2.992385,-0.003442848
4.48,-2.248478,-0.00389312
4.49,-1.529182,-0.004376334
4.5,-0.8478221,-0.004889265
4.51,-0.2156682,-0.005427113
4.52,0.3582373,-0.005983266
4.53,0.8671641,-0.00654908
4.54,1.306692,-0.007113664
4.55,1.674629,-0.0076637
4.56,1.970861,-0.008183308
4.57,2.197148,-0.008653962
4.58,2.356866,-0.009054493
4.59,2.454735,-0.009361176
4.6,2.496516,-0.009547934
4.61,2.48871,-0.00958667
4.62,2.438276,-0.009447743
4.63,2.352353,-0.009100603
4.64,2.238017,-0.008514592
4.65,2.102077,-0.007659916
4.66,1.950901,-0.006508786
4.67,1.790281,-0.005036712
4.68,1.625347,-0.003223944
4.69,1.460507,-0.00105701
4.7,1.299425,0.001469669
4.71,1.145034,0.004352151
4.72,0.9995669,0.007575394
4.73,0.8646078,0.01111179
4.74,0.7411609,0.01491988
4.75,0.6297257,0.0189434
4.76,0.5303767,0.02311068
4.77,0.4428444,0.02733444
4.78,0.3665923,0.03151228
4.79,0.3008889,0.03552767
4.8,0.244872,0.03925167
4.81,0.1976046,0.04254542
4.82,0.1581213,0.04526332
4.83,0.1254661,0.04725694
4.84,0.09872085,0.0483797
4.85,0.07702636,0.048492
4.86,0.05959601,0.04746698
4.87,0.04572354,0.04519644
4.88,0.0347859,0.04159695
4.89,0.02624234,0.03661581
4.9,0.01963049,0.03023658
4.91,0.01456069,0.02248397
4.92,0.01070895,0.0134277
4.93,0.007809378,0.003185238
4.94,0.005646487,-0.008077127
4.95,0.004047776,-0.0201448
4.96,0.002876782,-0.03275737
4.97,0.002026799,-0.04561306
4.98,0.001415338,-0.05837526
4.99,0.0009793375,-0.07068092
5.0,0.0006711184,-0.08215091
5.01,0.0004550153,-0.09240175
5.02,0.0003046304,-0.1010587
5.03,0.0002006241,-0.1077694
5.04,0.000128966,-0.1122182
5.05,7.957081e-05,-0.1141394
5.06,4.524755e-05,-0.1133304
5.07,2.090253e-05,-0.1096627
5.08,2.941126e-06,-0.1030912
5.09,-1.117519e-05,-0.09366047
5.1,-2.325329e-05,-0.08150802
5.11,-3.460344e-05,-0.06686438
5.12,-4.620802e-05,-0.05004924
5.13,-5.884141e-05,-0.03146403
5.14,-7.315472e-05,-0.01158093
5.15,-8.973513e-05,0.009071344
5.16,-0.0001091472,0.02992458
5.17,-0.0001319612,0.05039026
5.18,-0.0001587727,0.0698801
5.19,-0.0001902145,0.08782731
5.2,-0.0002269641,0.1037074
5.21,-0.0002697461,0.1170576
5.22,-0.0003193315,0.1274947
5.23,-0.0003765321,0.1347292
5.24,-0.000442192,0.1385766
5.25,-0.0005171735,0.1389637
5.26,-0.0006023397,0.1359313
5.27,-0.0006985303,0.1296315
5.28,-0.0008065335,0.1203214
5.29,-0.0009270496,0.1083515
5.3,-0.00106065,0.09415137
5.31,-0.001207728,0.07821173
5.32,-0.001368446,0.06106475
5.33,-0.001542667,0.04326285
5.34,-0.001729896,0.02535741
5.35,-0.0019292,0.007878157
5.36,-0.002139131,-0.008685884
5.37,-0.002357653,-0.02390288
5.38,-0.002582056,-0.03741167
5.39,-0.002808886,-0.04893157
5.4,-0.003033872,-0.05826833
5.41,-0.003251869,-0.0653161
5.42,-0.003456817,-0.07005551
5.43,-0.003641714,-0.07254822
5.44,-0.003798623,-0.07292835
5.45,-0.003918701,-0.07139144
5.46,-0.003992277,-0.06818159
5.47,-0.004008959,-0.06357756
5.48,-0.003957803,-0.05787851
5.49,-0.003827518,-0.05139016
5.5,-0.003606742,-0.04441194
5.51,-0.003284364,-0.03722568
5.52,-0.002849906,-0.03008628
5.53,-0.002293959,-0.02321449
5.54,-0.001608668,-0.01679216
5.55,-0.0007882522,-0.01095967
5.56,0.0001704377,-0.005815624
5.57,0.001267357,-0.001418486
5.58,0.002498702,0.00221021
5.59,0.003856383,0.00508133
5.6,0.005327532,0.007232763
5.61,0.006894105,0.008723568
5.62,0.008532581,0.009627996
5.63,0.01021381,0.01002974
5.64,0.01190299,0.01001663
5.65,0.01355993,0.00967608
5.66,0.0151394,0.009091226
5.67,0.01659183,0.008338077
5.68,0.01786419,0.007483461
5.69,0.01890119,0.006583842
5.7,0.01964666,0.005684888
5.71,0.02004522,0.004821662
5.72,0.02004411,0.004019329
5.73,0.01959526,0.003294209
5.74,0.01865735,0.002655077
5.75,0.01719806,0.002104553
5.76,0.01519619,0.001640509
5.77,0.01264368,0.001257392
5.78,0.009547425,0.0009474063
5.79,0.005930825,0.0007015274
5.8,0.001834855,0.0005103148
5.81,-0.002681304,0.0003645337
5.82,-0.007540237,0.0002555924
5.83,-0.0126469,0.0001758181
5.84,-0.01788993,0.0001185965
5.85,-0.02314365,7.840588e-05
5.86,-0.02827083,5.077294e-05
5.87,-0.03312608,3.217651e-05
5.88,-0.03755989,1.992233e-05
5.89,-0.0414232,1.200618e-05
5.9,-0.0445723,6.978899e-06
5.91,-0.04687402,3.822484e-06
5.92,-0.04821091,1.842438e-06
5.93,-0.0484863,5.787069e-07
5.94,-0.04762895,-2.64811e-07
5.95,-0.04559717,-8.737229e-07
5.96,-0.04238202,-1.361973e-06
5.97,-0.03800972,-1.798831e-06
5.98,-0.03254269,-2.226784e-06
5.99,-0.02607952,-2.672799e-06
6.0,-0.01875345,-3.155025e-06
6.01,-0.01072959,-3.686514e-06
6.02,-0.002200759,-4.277131e-06
6.03,0.0066179,-4.934434e-06
6.04,0.01549536,-5.664013e-06
6.05,0.02419204,-6.469539e-06
6.06,0.03246768,-7.352689e-06
6.07,0.04008956,-8.312959e-06
6.08,0.04684072,-9.347399e-06
6.09,0.05252769,-1.045026e-05
6.1,0.05698767,-1.161254e-05
6.11,0.06009461,-1.282149e-05
6.12,0.06176398,-1.406005e-05
6.13,0.06195607,-1.530624e-05
6.14,0.06067759,-1.653259e-05
6.15,0.05798147,-1.770564e-05
6.16,0.05396488,-1.878548e-05
6.17,0.04876553,-1.972546e-05
6.18,0.04255642,-2.047207e-05
6.19,0.0355392,-2.0965e-05
6.2,0.0279365,-2.113752e-05
6.21,0.01998353,-2.091712e-05
6.22,0.01191931,-2.022657e-05
6.23,0.003977922,-1.898532e-05
6.24,-0.003619793,-1.71114e-05
6.25,-0.01067383,-1.452382e-05
6.26,-0.01701151,-1.114541e-05
6.27,-0.02249264,-6.906268e-06
6.28,-0.02701316,-1.747627e-06
6.29,-0.03050719,4.373756e-06
6.3,-0.03294735,1.148085e-05
6.31,-0.03434355,1.95713e-05
6.32,-0.03474025,2.86122e-05
6.33,-0.03421249,3.853493e-05
6.34,-0.03286085,4.923019e-05
6.35,-0.03080565,6.054347e-05
6.36,-0.02818079,7.227138e-05
6.37,-0.0251274,8.415895e-05
6.38,-0.02178769,9.589834e-05
6.39,-0.01829928,0.0001071293
6.4,-0.0147902,0.0001174416
6.41,-0.01137476,0.0001263799
6.42,-0.008150391,0.0001334513
6.43,-0.005195606,0.0001381353
6.44,-0.002568951,0.0001398975
6.45,-0.0003089932,0.0001382051
6.46,0.001564789,0.0001325464
6.47,0.003050352,0.0001224523
6.48,0.004160835,0.0001075197
6.49,0.004921883,8.743704e-05
6.5,0.005368743,6.201024e-05
6.51,0.005543291,3.118873e-05
6.52,0.005491171,-4.909981e-06
6.53,0.005259165,-4.597801e-05
6.54,0.004892898,-9.149876e-05
6.55,0.004434968,-0.0001407337
6.56,0.00392352,-0.0001927155
6.57,0.003391281,-0.0002462498
6.58,0.002865036,-0.0002999247
6.59,0.002365507,-0.0003521318
6.6,0.001907564,-0.0004010965
6.61,0.001500708,-0.0004449203
6.62,0.001149747,-0.0004816327
6.63,0.0008555917,-0.0005092542
6.64,0.000616099,-0.0005258675
6.65,0.0004269104,-0.0005296953
6.66,0.0002822281,-0.0005191831
6.67,0.0001755006,-0.0004930836
6.68,9.99913e-05,-0.0004505387
6.69,4.922124e-05,-0.0003911566
6.7,1.728527e-05,-0.0003150785
6.71,-9.49178e-07,-0.0002230327
6.72,-9.746125e-06,-0.0001163698
6.73,-1.2489e-05,2.921964e-06
6.74,-1.173207e-05,0.0001322266
6.75,-9.295162e-06,0.0002683359
6.76,-6.382981e-06,0.0004075138
6.77,-3.713421e-06,0.000545587
6.78,-1.642267e-06,0.0006780639
6.79,-2.755235e-07,0.000800277
6.8,4.361214e-07,0.0009075451
6.81,6.231232e-07,0.0009953514
6.82,4.431755e-07,0.00105953
6.83,4.576724e-08,0.001096451
6.84,-4.477609e-07,0.001103203
6.85,-9.521703e-07,0.001077756
6.86,-1.417858e-06,0.001019101
6.87,-1.82523e-06,0.0009273539
6.88,-2.17662e-06,0.000803827
6.89,-2.487805e-06,0.0006510466
6.9,-2.780476e-06,0.0004727252
6.91,-3.076414e-06,0.0002736799
6.92,-3.393618e-06,5.970021e-05
6.93,-3.744258e-06,-0.0001626339
6.94,-4.134112e-06,-0.0003861762
6.95,-4.563029e-06,-0.0006034744
6.96,-5.025967e-06,-0.0008070557
6.97,-5.51421e-06,-0.0009897247
6.98,-6.016481e-06,-0.001144863
6.99,-6.519775e-06,-0.001266712
7.0,-7.009838e-06,-0.001350634
7.01,-7.471315e-06,-0.001393324
7.02,-7.887642e-06,-0.001392975
7.03,-8.240778e-06,-0.001349383
7.04,-8.510897e-06,-0.001263977
7.05,-8.676139e-06,-0.001139782
7.06,-8.712489e-06,-0.0009813108
7.07,-8.593847e-06,-0.0007943811
7.08,-8.292303e-06,-0.0005858819
7.09,-7.778642e-06,-0.000363482
7.1,-7.023055e-06,-0.0001353051
7.11,-5.996051e-06,9.041628e-05
7.12,-4.669548e-06,0.0003056919
7.13,-3.018136e-06,0.0005031116
7.14,-1.02047e-06,0.0006761534
7.15,1.339194e-06,0.0008194471
7.16,4.069362e-06,0.0009289805
7.17,7.169589e-06,0.001002238
7.18,1.062872e-05,0.001038266
7.19,1.442312e-05,0.001037664
7.2,1.851499e-05,0.001002499
7.21,2.285083e-05,0.0009361558
7.22,2.736007e-05,0.0008431284
7.23,3.195408e-05,0.0007287641
7.24,3.652557e-05,0.0005989786
7.25,4.094858e-05,0.0004599547
7.26,4.507904e-05,0.0003178432
7.27,4.875615e-05,0.0001784806
7.28,5.180454e-05,4.713793e-05
7.29,5.403743e-05,-7.168702e-05
7.3,5.526069e-05,-0.0001744259
7.31,5.527793e-05,-0.0002585382
7.32,5.389653e-05,-0.0003225501
7.33,5.093468e-05,-0.0003660354
7.34,4.622913e-05,-0.0003895442
7.35,3.964367e-05,-0.0003944848
7.36,3.107803e-05,-0.0003829717
7.37,2.047698e-05,-0.0003576483
7.38,7.839241e-06,-0.000321498
7.39,-6.774038e-06,-0.0002776552
7.4,-2.323181e-05,-0.000229226
7.41,-4.132697e-05,-0.0001791302
7.42,-6.077206e-05,-0.0001299699
7.43,-8.11972e-05,-8.393078e-05
7.44,-0.0001021508,-4.271849e-05
7.45,-0.0001231033,-7.530427e-06
7.46,-0.0001434543,2.093975e-05
7.47,-0.0001625436,4.246852e-05
7.48,-0.0001796654,5.724547e-05
7.49,-0.0001940867,6.579914e-05
7.5,-0.0002050693,6.891279e-05
7.51,-0.0002118938,6.753669e-05
7.52,-0.0002138875,6.2703e-05
7.53,-0.0002104536,5.544877e-05
7.54,-0.0002011002,4.675063e-05
7.55,-0.0001854706,3.747417e-05
7.56,-0.0001633714,2.833915e-05
7.57,-0.0001347968,1.990038e-05
7.58,-9.995063e-05,1.254333e-05
7.59,-5.926116e-05,6.492215e-06
7.6,-1.338983e-05,1.828001e-06
7.61,3.676817e-05,-1.486805e-06
7.62,9.009212e-05,-3.579497e-06
7.63,0.0001452536,-4.637586e-06
7.64,0.0002007442,-4.880697e-06
7.65,0.0002549123,-4.535866e-06
7.66,0.0003060103,-3.817557e-06
7.67,0.000352248,-2.913074e-06
7.68,0.0003918547,-1.973484e-06
7.69,0.0004231441,-1.109688e-06
7.7,0.0004445829,-3.928922e-07
7.71,0.0004548585,1.415047e-07
7.72,0.0004529432,4.876935e-07
7.73,0.0004381533,6.619943e-07
7.74,0.0004101978,6.951276e-07
7.75,0.000369216,6.250149e-07
7.76,0.0003157999,4.906878e-07
7.77,0.0002510012,3.276509e-07
7.78,0.0001763186,1.648265e-07
7.79,9.366808e-05,2.301843e-08
7.8,5.333532e-06,-8.531119e-08
7.81,-8.61002e-05,-1.552474e-07
7.82,-0.00017783,-1.879516e-07
7.83,-0.0002669305,-1.888484e-07
7.84,-0.0003504598,-1.65768e-07
7.85,-0.0004255712,-1.272743e-07
7.86,-0.0004896255,-8.133801e-08
7.87,-0.0005402998,-3.443103e-08
7.88,-0.0005756873,8.946068e-09
7.89,-0.0005943832,4.635025e-08
7.9,-0.0005955535,7.717815e-08
7.91,-0.0005789803,1.022458e-07
7.92,-0.0005450843,1.232697e-07
7.93,-0.0004949192,1.423408e-07
7.94,-0.0004301407,1.614628e-07
7.95,-0.0003529479,1.822013e-07
7.96,-0.0002660011,2.054637e-07
7.97,-0.0001723187,2.314078e-07
7.98,-7.515696e-05,2.594619e-07
7.99,2.212096e-05,2.884252e-07
8.0,0.0001161818,3.166169e-07
8.01,0.0002038581,3.420431e-07
8.02,0.000282276,3.625545e-07
8.03,0.000348971,3.759795e-07
8.04,0.0004019838,3.802248e-07
8.05,0.0004399328,3.73342e-07
8.06,0.0004620603,3.535692e-07
8.07,0.0004682498,3.193553e-07
8.08,0.0004590132,2.693809e-07
8.09,0.0004354506,2.025846e-07
8.1,0.0003991834,1.182035e-07
8.11,0.0003522654,1.583129e-08
8.12,0.0002970766,-1.045047e-07
8.13,0.0002362051,-2.422535e-07
8.14,0.0001723239,-3.96242e-07
8.15,0.000108068,-5.645778e-07
8.16,4.591922e-05,-7.445633e-07
8.17,-1.189679e-05,-9.326296e-07
8.18,-6.349596e-05,-1.124299e-06
8.19,-0.0001074001,-1.314187e-06
8.2,-0.0001425777,-1.496042e-06
8.21,-0.0001684604,-1.662832e-06
8.22,-0.0001849357,-1.806886e-06
8.23,-0.0001923164,-1.920077e-06
8.24,-0.0001912917,-1.994055e-06
8.25,-0.0001828623,-2.020528e-06
8.26,-0.0001682641,-1.991581e-06
8.27,-0.0001488863,-1.90003e-06
8.28,-0.0001261881,-1.739801e-06
8.29,-0.0001016186,-1.506326e-06
8.3,-7.654467e-05,-1.196935e-06
8.31,-5.219018e-05,-8.112401e-07
8.32,-2.958835e-05,-3.514779e-07
8.33,-9.549785e-06,1.77193e-07
8.34,7.354094e-06,7.66472e-07
8.35,2.07923e-05,1.40479e-06
8.36,3.066186e-05,2.077295e-06
8.37,3.706371e-05,2.765972e-06
8.38,4.026963e-05,3.449907e-06
8.39,4.068326e-05,4.105706e-06
8.4,3.879812e-05,4.708074e-06
8.41,3.515572e-05,5.230546e-06
8.42,3.030631e-05,5.646369e-06
8.43,2.477449e-05,5.9295e-06
8.44,1.903126e-05,6.055711e-06
8.45,1.347354e-05,6.003746e-06
8.46,8.411509e-06,5.756504e-06
8.47,4.063518e-06,5.30218e-06
8.48,5.579284e-07,4.63533e-06
8.49,-2.059284e-06,3.757781e-06
8.5,-3.812516e-06,2.679343e-06
8.51,-4.781623e-06,1.418264e-06
8.52,-5.085631e-06,1.378172e-09
8.53,-4.866458e-06,-1.536104e-06
8.54,-4.273864e-06,-3.151168e-06
8.55,-3.452545e-06,-4.793974e-06
8.56,-2.532015e-06,-6.409212e-06
8.57,-1.619563e-06,-7.937837e-06
8.58,-7.963377e-07,-9.319119e-06
8.59,-1.162927e-07,-1.049296e-05
8.6,3.924095e-07,-1.14024e-05
8.61,7.241165e-07,-1.19962e-05
8.62,8.91143e-07,-1.22314e-05
8.63,9.185958e-07,-1.207574e-05
8.64,8.391392e-07,-1.15098e-05
8.65,6.881771e-07,-1.052875e-05
8.66,4.99807e-07,-9.14355e-06
8.67,3.037664e-07,-7.381662e-06
8.68,1.234591e-07,-5.286926e-06
8.69,-2.496619e-08,-2.918803e-06
8.7,-1.326112e-07,-3.508315e-07
8.71,-1.970856e-07,2.33164e-06
8.72,-2.212554e-07,5.0344e-06
8.73,-2.117134e-07,7.657893e-06
8.74,-1.771911e-07,1.010119e-05
8.75,-1.270909e-07,1.226626e-05
8.76,-7.027119e-08,1.406227e-05
8.77,-1.416355e-08,1.540991e-05
8.78,3.574907e-08,1.624523e-05
8.79,7.611181e-08,1.652309e-05
8.8,1.055856e-07,1.62198e-05
8.81,1.245175e-07,1.533494e-05
8.82,1.344781e-07,1.389209e-05
8.83,1.377475e-07,1.193853e-05
8.84,1.368227e-07,9.543763e-06
8.85,1.340009e-07,6.797005e-06
8.86,1.310742e-07,3.80358e-06
8.87,1.291495e-07,6.805235e-07
8.88,1.285923e-07,-2.448519e-06
8.89,1.290738e-07,-5.458806e-06
8.9,1.296986e-07,-8.230183e-06
8.91,1.291782e-07,-1.065263e-05
8.92,1.260237e-07,-1.263141e-05
8.93,1.187288e-07,-1.40915e-05
8.94,1.059263e-07,-1.498112e-05
8.95,8.650495e-08,-1.527413e-05
8.96,5.968352e-08,-1.497112e-05
8.97,2.50454e-08,-1.409927e-05
8.98,-1.745941e-08,-1.271074e-05
8.99,-6.753412e-08,-1.087992e-05
9.0,-1.245662e-07,-8.699483e-06
9.01,-1.876602e-07,-6.275603e-06
9.02,-2.556645e-07,-3.722497e-06
9.03,-3.271894e-07,-1.156648e-06
9.04,-4.00615e-07,1.308999e-06
9.05,-4.740916e-07,3.570544e-06
9.06,-5.455383e-07,5.538034e-06
9.07,-6.126443e-07,7.139514e-06
9.08,-6.728805e-07,8.323998e-06
9.09,-7.235257e-07,9.063232e-06
9.1,-7.617136e-07,9.352177e-06
9.11,-7.845009e-07,9.208202e-06
9.12,-7.889581e-07,8.669097e-06
9.13,-7.722812e-07,7.790032e-06
9.14,-7.319202e-07,6.639692e-06
9.15,-6.657205e-07,5.295838e-06
9.16,-5.720703e-07,3.840576e-06
9.17,-4.500477e-07,2.355622e-06
9.18,-2.995609e-07,9.17861e-07
9.19,-1.214735e-07,-4.045695e-07
9.2,8.229112e-08,-1.555446e-06
9.21,3.086737e-07,-2.492726e-06
9.22,5.534368e-07,-3.189832e-06
9.23,8.111625e-07,-3.635924e-06
9.24,1.075295e-06,-3.835205e-06
9.25,1.338233e-06,-3.805371e-06
9.26,1.591471e-06,-3.575352e-06
9.27,1.825793e-06,-3.182546e-06
9.28,2.031528e-06,-2.669754e-06
9.29,2.198836e-06,-2.082031e-06
9.3,2.318057e-06,-1.463686e-06
9.31,2.380084e-06,-8.555957e-07
9.32,2.376764e-06,-2.929947e-07
9.33,2.301313e-06,1.961462e-07
9.34,2.14872e-06,5.921025e-07
9.35,1.916139e-06,8.837251e-07
9.36,1.603231e-06,1.068154e-06
9.37,1.212447e-06,1.149997e-06
9.38,7.49236e-07,1.140084e-06
9.39,2.221463e-07,1.053924e-06
9.4,-3.571799e-07,9.100142e-07
9.41,-9.741415e-07,7.281348e-07
9.42,-1.611448e-06,5.277572e-07
9.43,-2.249521e-06,3.266732e-07
9.44,-2.86704e-06,1.399228e-07
9.45,-3.441593e-06,-2.093325e-08
9.46,-3.950456e-06,-1.481792e-07
9.47,-4.37144e-06,-2.379653e-07
9.48,-4.683798e-06,-2.900231e-07
9.49,-4.869157e-06,-3.071371e-07
9.5,-4.912422e-06,-2.944457e-07
9.51,-4.802629e-06,-2.586515e-07
9.52,-4.533686e-06,-2.072169e-07
9.53,-4.104978e-06,-1.476152e-07
9.54,-3.521784e-06,-8.669274e-08
9.55,-2.795475e-06,-3.018116e-08
9.56,-1.943472e-06,1.761865e-08
9.57,-9.889433e-07,5.397764e-08
9.58,3.976149e-08,7.771738e-08
9.59,1.109942e-06,8.905185e-08
9.6,2.185613e-06,8.932699e-08
9.61,3.228782e-06,8.069702e-08
9.62,4.200885e-06,6.577743e-08
9.63,5.064338e-06,4.731076e-08
9.64,5.784123e-06,2.787528e-08
9.65,6.329359e-06,9.658105e-09
9.66,6.674757e-06,-5.695096e-09
9.67,6.801917e-06,-1.715084e-08
9.68,6.700364e-06,-2.428455e-08
9.69,6.368295e-06,-2.721534e-08
9.7,5.81296e-06,-2.649533e-08
9.71,5.050658e-06,-2.297245e-08
9.72,4.106328e-06,-1.764516e-08
9.73,3.012732e-06,-1.152596e-08
9.74,1.809258e-06,-5.526744e-09
9.75,5.403883e-07,-3.748079e-10
9.76,-7.461119e-07,3.436308e-09
9.77,-2.001205e-06,5.661561e-09
9.78,-3.176697e-06,6.288761e-09
9.79,-4.227357e-06,5.499371e-09
9.8,-5.112946e-06,3.614143e-09
9.81,-5.800039e-06,1.032353e-09
9.82,-6.263566e-06,-1.827294e-09
9.83,-6.48796e-06,-4.577483e-09
9.84,-6.467881e-06,-6.900325e-09
9.85,-6.208453e-06,-8.57031e-09
9.86,-5.724997e-06,-9.46211e-09
9.87,-5.042277e-06,-9.54497e-09
9.88,-4.193286e-06,-8.866837e-09
9.89,-3.217637e-06,-7.532072e-09
9.9,-2.159631e-06,-5.676817e-09
9.91,-1.066119e-06,-3.445669e-09
9.92,1.575725e-08,-9.725715e-10
9.93,1.040797e-06,1.632207e-09
9.94,1.967852e-06,4.288249e-09
9.95,2.761697e-06,6.944598e-09
9.96,3.394563e-06,9.573931e-09
9.97,3.847251e-06,1.216301e-08
9.98,4.10979e-06,1.470139e-08
9.99,4.18159e-06,1.717038e-08
10.0,4.071105e-06,1.953384e-08
10.01,3.795037e-06,2.17322e-08
10.02,3.377127e-06,2.368026e-08
10.03,2.846618e-06,2.526895e-08
10.04,2.236483e-06,2.637066e-08
10.05,1.58153e-06,2.684745e-08
10.06,9.164867e-07,2.656116e-08
10.07,2.741815e-07,2.538427e-08
10.08,-3.16081e-07,2.321067e-08
10.09,-8.298635e-07,1.996541e-08
10.1,-1.248595e-06,1.561281e-08
10.11,-1.560178e-06,1.016259e-08
10.12,-1.759199e-06,3.673806e-09
10.13,-1.846729e-06,-3.743382e-09
10.14,-1.829772e-06,-1.192798e-08
10.15,-1.720401e-06,-2.067036e-08
10.16,-1.534653e-06,-2.971617e-08
10.17,-1.291269e-06,-3.877191e-08
10.18,-1.01037e-06,-4.751205e-08
10.19,-7.121423e-07,-5.558779e-08
10.2,-4.156354e-07,-6.263733e-08
10.21,-1.377206e-07,-6.829772e-08
10.22,1.077217e-07,-7.221818e-08
10.23,3.103576e-07,-7.407472e-08
10.24,4.636776e-07,-7.35856e-08
10.25,5.650042e-07,-7.052727e-08
10.26,6.152489e-07,-6.474999e-08
10.27,6.184576e-07,-5.619239e-08
10.28,5.811926e-07,-4.489417e-08
10.29,5.118088e-07,-3.100576e-08
10.3,4.196841e-07,-1.479437e-08
10.31,3.144608e-07,3.354639e-09
10.32,2.053522e-07,2.294152e-08
10.33,1.005552e-07,4.336155e-08
10.34,6.802941e-09,6.39203e-08
10.35,-7.092682e-08,8.385443e-08
10.36,-1.295409e-07,1.023579e-07
10.37,-1.678058e-07,1.186123e-07
10.38,-1.861878e-07,1.318211e-07
10.39,-1.865846e-07,1.412458e-07
10.4,-1.719813e-07,1.462425e-07
10.41,-1.460675e-07,1.462973e-07
10.42,-1.128474e-07,1.410596e-07
10.43,-7.627783e-08,1.303699e-07
10.44,-3.99574e-08,1.142813e-07
10.45,-6.886525e-09,9.307365e-08
10.46,2.069041e-08,6.725751e-08
10.47,4.135865e-08,3.75686e-08
10.48,5.452672e-08,4.951094e-09
10.49,6.035097e-08,-2.946986e-08
10.5,5.960668e-08,-6.442596e-08
10.51,5.352372e-08,-9.85529e-08
10.52,4.360615e-08,-1.304452e-07
10.53,3.145364e-08,-1.587166e-07
10.54,1.860068e-08,-1.820633e-07
10.55,6.385567e-09,-1.993276e-07
10.56,-4.142962e-09,-2.09558e-07
10.57,-1.2278e-08,-2.120631e-07
10.58,-1.766663e-08,-2.064563e-07
10.59,-2.028642e-08,-1.926879e-07
10.6,-2.03937e-08,-1.710631e-07
10.61,-1.845251e-08,-1.422429e-07
10.62,-1.505409e-08,-1.072287e-07
10.63,-1.083608e-08,-6.732876e-08
10.64,-6.409617e-09,-2.410867e-08
10.65,-2.300357e-09,2.067324e-08
10.66,1.092531e-09,6.51425e-08
10.67,3.517947e-09,1.073936e-07
10.68,4.87564e-09,1.455801e-07
10.69,5.202708e-09,1.780041e-07
10.7,4.647663e-09,2.032017e-07
10.71,3.436672e-09,2.20019e-07
10.72,1.836739e-09,2.276741e-07
10.73,1.202415e-10,2.258024e-07
10.74,-1.465556e-09,2.144808e-07
10.75,-2.721476e-09,1.942301e-07
10.76,-3.510526e-09,1.659947e-07
10.77,-3.762976e-09,1.310998e-07
10.78,-3.473276e-09,9.118743e-08
10.79,-2.690466e-09,4.813648e-08
10.8,-1.504254e-09,3.967876e-09
10.81,-2.904966e-11,-3.925765e-08
10.82,1.611819e-09,-7.954495e-08
10.83,3.29989e-09,-1.150667e-07
10.84,4.932027e-09,-1.442569e-07
10.85,6.42687e-09,-1.658902e-07
10.86,7.72717e-09,-1.791426e-07
10.87,8.798458e-09,-1.8363e-07
10.88,9.624881e-09,-1.79422e-07
10.89,1.02033e-08,-1.670308e-07
10.9,1.053681e-08,-1.473754e-07
10.91,1.062873e-08,-1.217234e-07
10.92,1.0478e-08,-9.161444e-08
10.93,1.007646e-08,-5.876864e-08
10.94,9.408411e-09,-2.49873e-08
10.95,8.452212e-09,7.949418e-09
10.96,7.183719e-09,3.838111e-08
10.97,5.58095e-09,6.485628e-08
10.98,3.629352e-09,8.620689e-08
10.99,1.326983e-09,1.016039e-07
11.0,-1.310988e-09,1.105911e-07
11.01,-4.248968e-09,1.130953e-07
11.02,-7.429124e-09,1.094133e-07
11.03,-1.077125e-08,1.00177e-07
11.04,-1.417426e-08,8.629911e-08
11.05,-1.751926e-08,6.890423e-08
11.06,-2.067377e-08,4.924983e-08
11.07,-2.349703e-08,2.864237e-08
11.08,-2.584586e-08,8.354648e-09
11.09,-2.758086e-08,-1.045071e-08
11.1,-2.857273e-08,-2.678662e-08
11.11,-2.870832e-08,-3.989213e-08
11.12,-2.789641e-08,-4.926542e-08
11.13,-2.607295e-08,-5.467794e-08
11.14,-2.320568e-08,-5.616977e-08
11.15,-1.929798e-08,-5.402731e-08
11.16,-1.439181e-08,-4.874603e-08
11.17,-8.569628e-09,-4.098149e-08
11.18,-1.955057e-09,-3.149288e-08
11.19,5.287849e-09,-2.108341e-08
11.2,1.295691e-08,-1.054194e-08
11.21,2.081583e-08,-5.900323e-10
11.22,2.859999e-08,8.162328e-09
11.23,3.602407e-08,1.524951e-08
11.24,4.279132e-08,2.037008e-08
11.25,4.86044e-08,2.339316e-08
11.26,5.317726e-08,2.435175e-08
11.27,5.624793e-08,2.342453e-08
11.28,5.759143e-08,2.090848e-08
11.29,5.703224e-08,1.718498e-08
11.3,5.445587e-08,1.26826e-08
11.31,4.981866e-08,7.839739e-09
11.32,4.315524e-08,3.070005e-09
11.33,3.458315e-08,-1.267204e-09
11.34,2.430413e-08,-4.888959e-09
11.35,1.260169e-08,-7.602804e-09
11.36,-1.651771e-10,-9.312111e-09
11.37,-1.357207e-08,-1.001313e-08
11.38,-2.714298e-08,-9.784769e-09
11.39,-4.036727e-08,-8.772598e-09
11.4,-5.271948e-08,-7.16903e-09
11.41,-6.368092e-08,-5.191661e-09
11.42,-7.276249e-08,-3.06184e-09
11.43,-7.952743e-08,-9.852554e-10
11.44,-8.361317e-08,8.639627e-10
11.45,-8.475095e-08,2.354611e-09
11.46,-8.278241e-08,3.404712e-09
11.47,-7.767189e-08,3.98272e-09
11.48,-6.951381e-08,4.104061e-09
11.49,-5.853444e-08,3.823829e-09
11.5,-4.508754e-08,3.226711e-09
11.51,-2.964394e-08,2.415386e-09
11.52,-1.277512e-08,1.498621e-09
11.53,4.868706e-09,5.802425e-10
11.54,2.258509e-08,-2.501023e-10
11.55,3.964949e-08,-9.237001e-10
11.56,5.534755e-08,-1.396684e-09
11.57,6.900815e-08,-1.651053e-09
11.58,8.003544e-08,-1.693034e-09
11.59,8.793839e-08,-1.549259e-09
11.6,9.235608e-08,-1.261394e-09
11.61,9.307736e-08,-8.799432e-10
11.62,9.00538e-08,-4.579463e-10
11.63,8.340481e-08,-4.522766e-11
11.64,7.341468e-08,3.162851e-10
11.65,6.052131e-08,5.958187e-10
11.66,4.529705e-08,7.754255e-10
11.67,2.84225e-08,8.500887e-10
11.68,1.065442e-08,8.264471e-10
11.69,-7.210622e-09,7.20448e-10
11.7,-2.437501e-08,5.543163e-10
11.71,-4.00793e-08,3.532555e-10
11.72,-5.363969e-08,1.422758e-10
11.73,-6.448181e-08,-5.651677e-11
11.74,-7.216895e-08,-2.259277e-10
11.75,-7.642306e-08,-3.548428e-10
11.76,-7.713744e-08,-4.385347e-10
11.77,-7.438033e-08,-4.781835e-10
11.78,-6.838914e-08,-4.797684e-10
11.79,-5.955577e-08,-4.525425e-10
11.8,-4.840363e-08,-4.073228e-10
11.81,-3.555784e-08,-3.548236e-10
11.82,-2.17103e-08,-3.042285e-10
11.83,-7.581554e-09,-2.621446e-10
11.84,6.118277e-09,-2.320203e-10
11.85,1.872723e-08,-2.140436e-10
11.86,2.966581e-08,-2.054784e-10
11.87,3.846589e-08,-2.013493e-10
11.88,4.479259e-08,-1.953525e-10
11.89,4.845803e-08,-1.808598e-10
11.9,4.942621e-08,-1.518848e-10
11.91,4.780905e-08,-1.039011e-10
11.92,4.385395e-08,-3.443154e-11
11.93,3.792381e-08,5.663507e-11
11.94,3.0471e-08,1.67007e-10
11.95,2.200706e-08,2.922069e-10
11.96,1.307001e-08,4.259915e-10
11.97,4.191472e-09,5.609058e-10
11.98,-4.134369e-09,6.888993e-10
11.99,-1.14781e-08,8.019349e-10
12.0,-1.749712e-08,8.925346e-10
12.01,-2.195125e-08,9.542205e-10
12.02,-2.471103e-08,9.818345e-10
12.03,-2.575874e-08,9.717316e-10
12.04,-2.518217e-08,9.218637e-10
12.05,-2.316207e-08,8.317769e-10
12.06,-1.995427e-08,7.025515e-10
12.07,-1.586809e-08,5.367127e-10
12.08,-1.124254e-08,3.381341e-10
12.09,-6.422088e-09,1.119469e-10
12.1,-1.733733e-09,-1.355433e-10
12.11,2.533283e-09,-3.96938e-10
12.12,6.143737e-09,-6.63842e-10
12.13,8.927857e-09,-9.269933e-10
12.14,1.07874e-08,-1.176446e-09
12.15,1.169634e-08,-1.40182e-09
12.16,1.169637e-08,-1.592635e-09
12.17,1.088807e-08,-1.738714e-09
12.18,9.418477e-09,-1.830656e-09
12.19,7.466401e-09,-1.860354e-09
12.2,5.226598e-09,-1.821528e-09
12.21,2.894134e-09,-1.710226e-09
12.22,6.500544e-10,-1.525277e-09
12.23,-1.350642e-09,-1.268633e-09
12.24,-2.988014e-09,-9.455797e-10
12.25,-4.182716e-09,-5.647879e-10
12.26,-4.89792e-09,-1.381829e-10
12.27,-5.137777e-09,3.19369e-10
12.28,-4.942835e-09,7.905533e-10
12.29,-4.383026e-09,1.256265e-09
12.3,-3.549011e-09,1.6964e-09
12.31,-2.542703e-09,2.090752e-09
12.32,-1.467834e-09,2.419968e-09
12.33,-4.213073e-10,2.666513e-09
12.34,5.139965e-10,2.815612e-09
12.35,1.274524e-09,2.856093e-09
12.36,1.819182e-09,2.78112e-09
12.37,2.130247e-09,2.588738e-09
12.38,2.212188e-09,2.282221e-09
12.39,2.088716e-09,1.870187e-09
12.4,1.798481e-09,1.366447e-09
12.41,1.389926e-09,7.896097e-10
12.42,9.15857e-10,1.624206e-10
12.43,4.282089e-10,-4.89135e-10
12.44,-2.651733e-11,-1.136932e-09
12.45,-4.108206e-10,-1.751969e-09
12.46,-6.985434e-10,-2.305736e-09
12.47,-8.759081e-10,-2.771627e-09
12.48,-9.412899e-10,-3.126318e-09
12.49,-9.038833e-10,-3.351038e-09
12.5,-7.815055e-10,-3.432667e-09
12.51,-5.9784e-10,-3.364585e-09
12.52,-3.794424e-10,-3.147211e-09
12.53,-1.528224e-10,-2.788205e-09
12.54,5.812506e-11,-2.302285e-09
12.55,2.341286e-10,-1.71067e-09
12.56,3.618559e-10,-1.040162e-09
12.57,4.34485e-10,-3.218916e-10
12.58,4.515595e-10,4.101952e-10
12.59,4.182253e-10,1.121044e-09
12.6,3.439976e-10,1.776302e-09
12.61,2.412378e-10,2.344133e-09
12.62,1.235314e-10,2.796926e-09
12.63,4.14593e-12,3.112809e-09
12.64,-1.05282e-10,3.27687e-09
12.65,-1.95718e-10,3.282014e-09
12.66,-2.613007e-10,3.12939e-09
12.67,-2.994986e-10,2.828371e-09
12.68,-3.108885e-10,2.396069e-09
12.69,-2.986256e-10,1.856409e-09
12.7,-2.677013e-10,1.238808e-09
12.71,-2.240997e-10,5.765474e-10
12.72,-1.73958e-10,-9.509592e-11
12.73,-1.22827e-10,-7.408248e-10
12.74,-7.510355e-11,-1.327303e-09
12.75,-3.36813e-11,-1.825015e-09
12.76,1.671583e-13,-2.209902e-09
12.77,2.668845e-11,-2.46466e-09
12.78,4.736506e-11,-2.579638e-09
12.79,6.450434e-11,-2.553269e-09
12.8,8.076336e-11,-2.392015e-09
12.81,9.867375e-11,-2.109829e-09
12.82,1.20224e-10,-1.727172e-09
12.83,1.465442e-10,-1.26965e-09
12.84,1.777219e-10,-7.663546e-10
12.85,2.127589e-10,-2.480272e-10
12.86,2.496643e-10,2.548494e-10
12.87,2.856595e-10,7.138965e-10
12.88,3.174664e-10,1.104511e-09
12.89,3.41639e-10,1.407256e-09
12.9,3.549008e-10,1.608886e-09
12.91,3.544537e-10,1.702944e-09
12.92,3.3823e-10,1.689909e-09
12.93,3.050686e-10,1.576883e-09
12.94,2.548096e-10,1.376862e-09
12.95,1.883057e-10,1.10764e-09
12.96,1.073626e-10,7.90442e-10
12.97,1.462077e-11,4.483791e-10
12.98,-8.660055e-11,1.048362e-10
12.99,-1.924816e-10,-2.180885e-10
13.0,-2.988849e-10,-5.009907e-10
13.01,-4.015319e-10,-7.2832e-10
13.02,-4.961642e-10,-8.892225e-10
13.03,-5.786877e-10,-9.780159e-10
13.04,-6.453007e-10,-9.942822e-10
13.05,-6.926083e-10,-9.425849e-10
13.06,-7.177293e-10,-8.318482e-10
13.07,-7.183979e-10,-6.744596e-10
13.08,-6.930648e-10,-4.851717e-10
13.09,-6.409951e-10,-2.798965e-10
13.1,-5.623596e-10,-7.448321e-11
13.11,-4.583138e-10,1.164263e-10
13.12,-3.310533e-10,2.803836e-10
13.13,-1.838372e-10,4.078964e-10
13.14,-2.096753e-11,4.929209e-10
13.15,1.522831e-10,5.330621e-10
13.16,3.298017e-10,5.294835e-10
13.17,5.04824e-10,4.865502e-10
13.18,6.701804e-10,4.112488e-10
13.19,8.185897e-10,3.124438e-10
13.2,9.429894e-10,2.000397e-10
13.21,1.036884e-09,8.412036e-11
13.22,1.094695e-09,-2.586212e-11
13.23,1.112091e-09,-1.217884e-10
13.24,1.086275e-09,-1.974124e-10
13.25,1.016213e-09,-2.487078e-10
13.26,9.027923e-10,-2.740065e-10
13.27,7.488791e-10,-2.739307e-10
13.28,5.592922e-10,-2.511411e-10
13.29,3.406713e-10,-2.099334e-10
13.3,1.012495e-10,-1.557309e-10
13.31,-1.494624e-10,-9.452259e-11
13.32,-4.010691e-10,-3.230007e-11
13.33,-6.427442e-10,2.545834e-11
13.34,-8.637226e-10,7.421459e-11
13.35,-1.053811e-09,1.106789e-10
13.36,-1.20389e-09,1.329809e-10
13.37,-1.306386e-09,1.406996e-10
13.38,-1.355678e-09,1.347616e-10
13.39,-1.348439e-09,1.172266e-10
13.4,-1.283859e-09,9.099016e-11
13.41,-1.163769e-09,5.943743e-11
13.42,-9.926244e-10,2.608345e-11
13.43,-7.773693e-10,-5.76466e-12
13.44,-5.271606e-10,-3.329471e-11
13.45,-2.529783e-10,-5.440272e-11
13.46,3.287118e-11,-6.781912e-11
13.47,3.17335e-10,-7.314345e-11
13.48,5.872478e-10,-7.079261e-11
13.49,8.299891e-10,-6.187541e-11
13.5,1.034129e-09,-4.801239e-11
13.51,1.190026e-09,-3.112358e-11
13.52,1.290345e-09,-1.320801e-11
13.53,1.330462e-09,3.862328e-12
13.54,1.308732e-09,1.851501e-11
13.55,1.226602e-09,2.960196e-11
13.56,1.088557e-09,3.646851e-11
13.57,9.019018e-10,3.896504e-11
13.58,6.763899e-10,3.740558e-11
13.59,4.237075e-10,3.248284e-11
13.6,1.568535e-10,2.515268e-11
13.61,-1.105588e-10,1.650317e-11
13.62,-3.650374e-10,7.623577e-12
13.63,-5.939407e-10,-5.129692e-13
13.64,-7.861604e-10,-7.141752e-12
13.65,-9.327164e-10,-1.176641e-11
13.66,-1.027229e-09,-1.418319e-11
13.67,-1.066243e-09,-1.447039e-11
13.68,-1.049378e-09,-1.294762e-11
13.69,-9.793039e-10,-1.011225e-11
13.7,-8.615409e-10,-6.562442e-12
13.71,-7.04092e-10,-2.916418e-12
13.72,-5.169378e-10,2.624677e-13
13.73,-3.11421e-10,2.527168e-12
13.74,-9.955984e-11,3.589249e-12
13.75,1.066669e-10,3.339156e-12
13.76,2.960192e-10,1.844254e-12
13.77,4.586368e-10,-6.729978e-13
13.78,5.865822e-10,-3.872418e-12
13.79,6.742546e-10,-7.343321e-12
13.8,7.186495e-10,-1.065537e-11
13.81,7.194518e-10,-1.340705e-11
13.82,6.789582e-10,-1.526656e-11
13.83,6.018395e-10,-1.600154e-11
13.84,4.947601e-10,-1.549529e-11
13.85,3.658831e-10,-1.374944e-11
13.86,2.242971e-10,-1.087413e-11
13.87,7.940262e-11,-7.068296e-12
13.88,-5.969797e-11,-2.593582e-12
13.89,-1.847691e-10,2.254643e-12
13.9,-2.889309e-10,7.175378e-12
13.91,-3.670381e-10,1.188632e-11
13.92,-4.159291e-10,1.614228e-11
13.93,-4.345298e-10,1.974657e-11
13.94,-4.238136e-10,2.255535e-11
13.95,-3.866232e-10,2.447591e-11
13.96,-3.273747e-10,2.546028e-11
13.97,-2.51667e-10,2.549638e-11
13.98,-1.658295e-10,2.459853e-11
13.99,-7.644314e-11,2.279941e-11
14.0,1.013185e-11,2.014447e-11
14.01,8.818577e-11,1.668985e-11
14.02,1.530195e-10,1.250357e-11
14.03,2.012112e-10,7.669526e-12
14.04,2.307755e-10,2.293081e-12
14.05,2.412087e-10,-3.493094e-12
14.06,2.33423e-10,-9.524557e-12
14.07,2.095796e-10,-1.560331e-11
14.08,1.728412e-10,-2.14998e-11
14.09,1.270641e-10,-2.695919e-11
14.1,7.645933e-11,-3.171199e-11
14.11,2.524883e-11,-3.54884e-11
14.12,-2.26555e-11,-3.803542e-11
14.13,-6.392696e-11,-3.91352e-11
14.14,-9.603455e-11,-3.862298e-11
14.15,-1.173765e-10,-3.64032e-11
14.16,-1.273312e-10,-3.246189e-11
14.17,-1.262268e-10,-2.687448e-11
14.18,-1.152372e-10,-1.980801e-11
14.19,-9.621879e-11,-1.151739e-11
14.2,-7.150297e-11,-2.335906e-12
14.21,-4.366744e-11,7.339533e-12
14.22,-1.53042e-11,1.706753e-11
14.23,1.119503e-11,2.638449e-11
14.24,3.381977e-11,3.482871e-11
14.25,5.10752e-11,4.196494e-11
14.26,6.206223e-11,4.740799e-11
14.27,6.650045e-11,5.084406e-11
14.28,6.469628e-11,5.20488e-11
14.29,5.746334e-11,5.090113e-11
14.3,4.60056e-11,4.739214e-11
14.31,3.177654e-11,4.162852e-11
14.32,1.632842e-11,3.383047e-11
14.33,1.166004e-12,2.432387e-11
14.34,-1.238271e-11,1.352707e-11
14.35,-2.326856e-11,1.932707e-12
14.36,-3.078905e-11,-9.914845e-12
14.37,-3.461872e-11,-2.144531e-11
14.38,-3.480231e-11,-3.209067e-11
14.39,-3.171467e-11,-4.131425e-11
14.4,-2.599378e-11,-4.863931e-11
14.41,-1.845556e-11,-5.367557e-11
14.42,-9.999974e-12,-5.61421e-11
14.43,-1.518127e-12,-5.588529e-11
14.44,6.19107e-12,-5.289034e-11
14.45,1.248741e-11,-4.728565e-11
14.46,1.693427e-11,-3.933919e-11
14.47,1.931952e-11,-2.944701e-11
14.48,1.965248e-11,-1.811397e-11
14.49,1.813958e-11,-5.927792e-12
14.5,1.514299e-11,6.472428e-12
14.51,1.112795e-11,1.843141e-11
14.52,6.605112e-12,2.931457e-11
14.53,2.074195e-12,3.85444e-11
14.54,-2.025514e-12,4.563407e-11
14.55,-5.353351e-12,5.021607e-11
14.56,-7.691347e-12,5.206415e-11
14.57,-8.953024e-12,5.110697e-11
14.58,-9.177458e-12,4.743252e-11
14.59,-8.510638e-12,4.128304e-11
14.6,-7.177301e-12,3.304043e-11
14.61,-5.447147e-12,2.320328e-11
14.62,-3.599575e-12,1.235662e-11
14.63,-1.890889e-12,1.136531e-12
14.64,-5.272784e-13,-9.808438e-12
14.65,3.540082e-13,-1.98564e-11
14.66,6.939976e-13,-2.844946e-11
14.67,5.116676e-13,-3.512687e-11
14.68,-1.051343e-13,-3.95518e-11
14.69,-1.015757e-12,-4.153022e-11
14.7,-2.047415e-12,-4.102057e-11
14.71,-3.017793e-12,-3.813363e-11
14.72,-3.756936e-12,-3.312281e-11
14.73,-4.126101e-12,-2.636538e-11
14.74,-4.031772e-12,-1.833603e-11
14.75,-3.433749e-12,-9.574565e-12
14.76,-2.346954e-12,-6.498787e-13
14.77,-8.373308e-13,7.877311e-12
14.78,9.872011e-13,1.54905e-11
14.79,2.989303e-12,2.174981e-11
14.8,5.016643e-12,2.631853e-11
14.81,6.916501e-12,2.898228e-11
14.82,8.549033e-12,2.965938e-11
14.83,9.797996e-12,2.840199e-11
14.84,1.057816e-11,2.538814e-11
14.85,1.083905e-11,2.090523e-11
14.86,1.056523e-11,1.532657e-11
14.87,9.773565e-12,9.082578e-12
14.88,8.508209e-12,2.628907e-12
14.89,6.834357e-12,-3.586189e-12
14.9,4.831553e-12,-9.152838e-12
14.91,2.58745e-12,-1.372672e-11
14.92,1.925832e-13,-1.705058e-11
14.93,-2.263458e-12,-1.896861e-11
14.94,-4.694411e-12,-1.943295e-11
14.95,-7.01843e-12,-1.850204e-11
14.96,-9.158259e-12,-1.633122e-11
14.97,-1.104098e-11,-1.315661e-11
14.98,-1.259782e-11,-9.273629e-12
14.99,-1.376452e-11,-5.012111e-12
15.0,-1.448254e-11,-7.098983e-13
