0,1,2
0.01,-1.982811e-55,-2.171143e-143
0.02,-5.333739e-55,-3.2760679999999996e-131
0.03,-1.549878e-54,-7.533805e-124
0.04,-4.5687920000000004e-54,-1.890621e-118
0.05,-1.345364e-53,-3.773873e-114
0.06,-3.945468e-53,-1.459282e-110
0.07,-1.1518390000000002e-52,-1.770202e-107
0.08,-3.3474750000000004e-52,-9.028238e-105
0.09,-9.684683000000001e-52,-2.3461279999999998e-102
0.1,-2.789338e-51,-3.550009e-100
0.11,-7.997717e-51,-3.445392e-98
0.12,-2.282865e-50,-2.305988e-96
0.13,-6.486992e-50,-1.125441e-94
0.14,-1.835082e-49,-4.185254e-93
0.15,-5.167926e-49,-1.2284779999999998e-91
0.16,-1.448857e-48,-2.9291709999999997e-90
0.17,-4.043738e-48,-5.809968e-89
0.18,-1.12354e-47,-9.778883e-88
0.19,-3.10772e-47,-1.4203409999999999e-86
0.2,-8.557418e-47,-1.8059949999999997e-85
0.21,-2.3458e-46,-2.035299e-84
0.22,-6.401567e-46,-2.054871e-83
0.23,-1.739116e-45,-1.876097e-82
0.24,-4.70346e-45,-1.561785e-81
0.25,-1.266347e-44,-1.194131e-80
0.26,-3.3941749999999996e-44,-8.440532e-80
0.27,-9.056524999999999e-44,-5.547565e-79
0.28,-2.4056620000000003e-43,-3.4082e-78
0.29,-6.361405e-43,-1.966516e-77
0.3,-1.674621e-42,-1.0702700000000001e-76
0.31,-4.388591e-42,-5.516038e-76
0.32,-1.144928e-41,-2.701933e-75
0.33,-2.973552e-41,-1.262095e-74
0.34,-7.688066e-41,-5.639409e-74
0.35,-1.978802e-40,-2.417483e-73
0.36,-5.070272e-40,-9.9694e-73
0.37,-1.293312e-39,-3.965262e-72
0.38,-3.284114e-39,-1.52488e-71
0.39,-8.301869e-39,-5.682959e-71
0.4,-2.08918e-38,-2.057117e-70
0.41,-5.233808e-38,-7.248048e-70
0.42,-1.305273e-37,-2.490907e-69
0.43,-3.2406089999999998e-37,-8.366274e-69
0.44,-8.009268e-37,-2.7515440000000003e-68
0.45,-1.970606e-36,-8.877468e-68
0.46,-4.826666e-36,-2.814712e-67
0.47,-1.176887e-35,-8.784901e-67
0.48,-2.856683e-35,-2.703226e-66
0.49,-6.902854e-35,-8.213131000000001e-66
0.5,-1.660483e-34,-2.467203e-65
0.51,-3.976298e-34,-7.336784e-65
0.52,-9.478982e-34,-2.1621719999999998e-64
0.53,-2.2494820000000002e-33,-6.320911999999999e-64
0.54,-5.314237e-33,-1.834588e-63
0.55,-1.249788e-32,-5.290241999999999e-63
0.56,-2.925964e-32,-1.516519e-62
0.57,-6.819270000000001e-32,-4.323798e-62
0.58,-1.5821320000000002e-31,-1.22658e-61
0.59,-3.654125e-31,-3.46315e-61
0.6,-8.401546e-31,-9.734032e-61
0.61,-1.922958e-30,-2.724189e-60
0.62,-4.3814199999999995e-30,-7.592099000000001e-60
0.63,-9.937880999999999e-30,-2.107212e-59
0.64,-2.243914e-29,-5.825144e-59
0.65,-5.043729e-29,-1.6039039999999998e-58
0.66,-1.128573e-28,-4.398847e-58
0.67,-2.513854e-28,-1.2017069999999999e-57
0.68,-5.574192e-28,-3.270128e-57
0.69,-1.230424e-27,-8.864272999999999e-57
0.7,-2.703701e-27,-2.393521e-56
0.71,-5.914153e-27,-6.437988e-56
0.72,-1.287823e-26,-1.724979e-55
0.73,-2.791572e-26,-4.604053e-55
0.74,-6.023796e-26,-1.224111e-54
0.75,-1.293957e-25,-3.242104e-54
0.76,-2.766921e-25,-8.553813e-54
0.77,-5.889802e-25,-2.248125e-53
0.78,-1.248047e-24,-5.885865e-53
0.79,-2.632615e-24,-1.535078e-52
0.8,-5.52801e-24,-3.988244e-52
0.81,-1.1555130000000001e-23,-1.0322039999999999e-51
0.82,-2.404392e-23,-2.661233e-51
0.83,-4.9803380000000005e-23,-6.834941999999999e-51
0.84,-1.026917e-22,-1.7487289999999999e-50
0.85,-2.107821e-22,-4.457047e-50
0.86,-4.30679e-22,-1.131644e-49
0.87,-8.759807e-22,-2.862277e-49
0.88,-1.773599e-21,-7.211966e-49
0.89,-3.574668e-21,-1.8102439999999998e-48
0.9,-7.171909e-21,-4.5265049999999995e-48
0.91,-1.432359e-20,-1.127541e-47
0.92,-2.8476459999999996e-20,-2.797994e-47
0.93,-5.635554e-20,-6.916828e-47
0.94,-1.1102049999999998e-19,-1.703391e-46
0.95,-2.177129e-19,-4.178974e-46
0.96,-4.249909e-19,-1.02135e-45
0.97,-8.258252999999999e-19,-2.486736e-45
0.98,-1.597384e-18,-6.031656e-45
0.99,-3.075685e-18,-1.457459e-44
1.0,-5.895017e-18,-3.5084059999999996e-44
1.01,-1.1247040000000001e-17,-8.413535e-44
1.02,-2.1359940000000002e-17,-2.010034e-43
1.03,-4.0380330000000005e-17,-4.783941e-43
1.04,-7.598829e-17,-1.134297e-42
1.05,-1.423408e-16,-2.679338e-42
1.06,-2.6541e-16,-6.305059e-42
1.07,-4.926165e-16,-1.478131e-41
1.08,-9.101304e-16,-3.452231e-41
1.09,-1.673787e-15,-8.032508999999999e-41
1.1,-3.064061e-15,-1.861951e-40
1.11,-5.583341e-15,-4.299837e-40
1.12,-1.01272e-14,-9.892448e-40
1.13,-1.828446e-14,-2.267382e-39
1.14,-3.286024e-14,-5.1774490000000004e-39
1.15,-5.878334e-14,-1.1778189999999998e-38
1.16,-1.046722e-13,-2.6694019999999996e-38
1.17,-1.855243e-13,-6.027304999999999e-38
1.18,-3.273114e-13,-1.355837e-37
1.19,-5.747925e-13,-3.038562e-37
1.2,-1.00473e-12,-6.784315e-37
1.21,-1.748132e-12,-1.509116e-36
1.22,-3.027502e-12,-3.344405e-36
1.23,-5.218893e-12,-7.384077999999999e-36
1.24,-8.954774e-12,-1.624261e-35
1.25,-1.529366e-11,-3.5595789999999997e-35
1.26,-2.599845e-11,-7.771879e-35
1.27,-4.399069e-11,-1.690593e-34
1.28,-7.408832e-11,-3.663863e-34
1.29,-1.241974e-10,-7.910926e-34
1.3,-2.072275e-10,-1.7017850000000003e-33
1.31,-3.441537e-10,-3.64731e-33
1.32,-5.688867e-10,-7.788112000000001e-33
1.33,-9.359776e-10,-1.656855e-32
1.34,-1.532743e-09,-3.51181e-32
1.35,-2.498247e-09,-7.416049e-32
1.36,-4.052859e-09,-1.5603090000000001e-31
1.37,-6.544032e-09,-3.27074e-31
1.38,-1.051683e-08,-6.830937000000001e-31
1.39,-1.6822e-08,-1.4213939999999999e-30
1.4,-2.678064e-08,-2.946793e-30
1.41,-4.243386e-08,-6.0867729999999996e-30
1.42,-6.691905e-08,-1.252645e-29
1.43,-1.05034e-07,-2.568463e-29
1.44,-1.640781e-07,-5.247163e-29
1.45,-2.550989e-07,-1.068028e-28
1.46,-3.947309e-07,-2.165951e-28
1.47,-6.078901e-07,-4.376469e-28
1.48,-9.317026e-07,-8.81068e-28
1.49,-1.421198e-06,-1.767285e-27
1.5,-2.157515e-06,-3.5319630000000004e-27
1.51,-3.259651e-06,-7.032983e-27
1.52,-4.901207e-06,-1.395333e-26
1.53,-7.334086e-06,-2.758241e-26
1.54,-1.092184e-05,-5.432547999999999e-26
1.55,-1.618635e-05,-1.066088e-25
1.56,-2.387267e-05,-2.084501e-25
1.57,-3.503866e-05,-4.0609870000000004e-25
1.58,-5.11781e-05,-7.882837000000001e-25
1.59,-7.438856e-05,-1.524601e-24
1.6,-0.0001075991,-2.938011e-24
1.61,-0.000154877,-5.641252e-24
1.62,-0.0002218376,-1.0792530000000001e-23
1.63,-0.0003161901,-2.057303e-23
1.64,-0.0004484565,-3.907519e-23
1.65,-0.0006329151,-7.39491e-23
1.66,-0.0008888274,-1.394424e-22
1.67,-0.001242023,-2.6199180000000003e-22
1.68,-0.001726933,-4.904704e-22
1.69,-0.002389172,-9.148943e-22
1.7,-0.003288807,-1.700447e-21
1.71,-0.004504434,-3.149129e-21
1.72,-0.006138254,-5.811041e-21
1.73,-0.008322305,-1.0684499999999999e-20
1.74,-0.01122606,-1.9574599999999998e-20
1.75,-0.0150656,-3.573306e-20
1.76,-0.02011458,-6.499613e-20
1.77,-0.02671714,-1.178001e-19
1.78,-0.03530307,-2.1273809999999997e-19
1.79,-0.04640518,-3.8281389999999997e-19
1.8,-0.06067912,-6.863939999999999e-19
1.81,-0.07892554,-1.22632e-18
1.82,-0.1021144,-2.183127e-18
1.83,-0.1314113,-3.87258e-18
1.84,-0.1682049,-6.844923e-18
1.85,-0.2141348,-1.2055480000000001e-17
1.86,-0.2711193,-2.1156740000000003e-17
1.87,-0.3413804,-3.6996630000000006e-17
1.88,-0.4274648,-6.446524000000001e-17
1.89,-0.5322594,-1.119283e-16
1.9,-0.6589962,-1.936445e-16
1.91,-0.8112464,-3.338281e-16
1.92,-0.9928973,-5.73447e-16
1.93,-1.20811,-9.815605e-16
1.94,-1.461255,-1.674152e-15
1.95,-1.756812,-2.845296e-15
1.96,-2.099251,-4.818537e-15
1.97,-2.492867,-8.131279e-15
1.98,-2.941578,-1.367284e-14
1.99,-3.44869,-2.29095e-14
2.0,-4.016616,-3.824985e-14
2.01,-4.64656,-6.363584e-14
2.02,-5.338171,-1.05495e-13
2.03,-6.089168,-1.742693e-13
2.04,-6.894953,-2.868593e-13
2.05,-7.748221,-4.705181e-13
2.06,-8.638589,-7.690302e-13
2.07,-9.55226,-1.252479e-12
2.08,-10.47175,-2.032627e-12
2.09,-11.37568,-3.287044e-12
2.1,-12.23873,-5.296805e-12
2.11,-13.03167,-8.505175e-12
2.12,-13.72159,-1.36086e-11
2.13,-14.27233,-2.169724e-11
2.14,-14.64507,-3.447123e-11
2.15,-14.79919,-5.457201e-11
2.16,-14.69329,-8.608831e-11
2.17,-14.28651,-1.353254e-10
2.18,-13.53993,-2.119703e-10
2.19,-12.41828,-3.308503e-10
2.2,-10.89159,-5.145746e-10
2.21,-8.937079,-7.974899e-10
2.22,-6.540945,-1.231578e-09
2.23,-3.700076,-1.895212e-09
2.24,-0.4236257,-2.906115e-09
2.25,3.265688,-4.440443e-09
2.26,7.330627,-6.760794e-09
2.27,11.71891,-1.025714e-08
2.28,16.36317,-1.550643e-08
2.29,21.18155,-2.335894e-08
2.3,26.07878,-3.506305e-08
2.31,30.948,-5.244457e-08
2.32,35.6731,-7.816364e-08
2.33,40.13169,-1.160811e-07
2.34,44.19851,-1.717787e-07
2.35,47.74929,-2.532955e-07
2.36,50.66481,-3.721642e-07
2.37,52.83516,-5.448656e-07
2.38,54.16388,-7.948597e-07
2.39,54.57192,-1.15541e-06
2.4,54.00116,-1.673499e-06
2.41,52.4174,-2.415216e-06
2.42,49.81258,-3.473172e-06
2.43,46.20623,-4.976621e-06
2.44,41.64584,-7.105242e-06
2.45,36.20639,-1.010781e-05
2.46,29.98874,-1.432738e-05
2.47,23.11714,-2.023512e-05
2.48,15.73573,-2.847553e-05
2.49,8.004371,-3.992659e-05
2.5,0.09379382,-5.577944e-05
2.51,-7.819673,-7.764346e-05
2.52,-15.5596,-0.000107684
2.53,-22.95495,-0.0001488026
2.54,-29.84538,-0.0002048703
2.55,-36.08607,-0.0002810304
2.56,-41.55199,-0.0003840871
2.57,-46.14138,-0.0005230035
2.58,-49.77829,-0.0007095349
2.59,-52.41421,-0.0009590318
2.6,-54.02865,-0.001291451
2.61,-54.62871,-0.001732622
2.62,-54.24775,-0.002315826
2.63,-52.94314,-0.003083747
2.64,-50.79332,-0.004090885
2.65,-47.8943,-0.005406493
2.66,-44.35569,-0.007118163
2.67,-40.29656,-0.009336149
2.68,-35.84122,-0.01219856
2.69,-31.11509,-0.01587756
2.7,-26.24086,-0.02058664
2.71,-21.33505,-0.02658928
2.72,-16.50501,-0.03420885
2.73,-11.84655,-0.04384025
2.74,-7.442129,-0.055963
2.75,-3.359709,-0.07115623
2.76,0.347841,-0.09011539
2.77,3.64273,-0.1136707
2.78,6.501733,-0.1428072
2.79,8.915252,-0.1786866
2.8,10.88602,-0.22267
2.81,12.42755,-0.2763413
2.82,13.56239,-0.3415312
2.83,14.32036,-0.4203395
2.84,14.73668,-0.5151566
2.85,14.85023,-0.6286812
2.86,14.70194,-0.7639338
2.87,14.33328,-0.9242628
2.88,13.78502,-1.113343
2.89,13.09613,-1.33516
2.9,12.30296,-1.593989
2.91,11.4386,-1.894342
2.92,10.53246,-2.240912
2.93,9.610061,-2.638483
2.94,8.692948,-3.091819
2.95,7.79877,-3.605524
2.96,6.941467,-4.18387
2.97,6.131548,-4.830598
2.98,5.376426,-5.548681
2.99,4.680786,-6.340056
3.0,4.046978,-7.205329
3.01,3.475406,-8.14345
3.02,2.964901,-9.15137
3.03,2.513073,-10.22368
3.04,2.116628,-11.35225
3.05,1.771648,-12.52588
3.06,1.473833,-13.72998
3.07,1.218701,-14.94623
3.08,1.001755,-16.15243
3.09,0.8186063,-17.32229
3.1,0.6650719,-18.4254
3.11,0.5372431,-19.42729
3.12,0.4315273,-20.28967
3.13,0.3446715,-20.97079
3.14,0.2737693,-21.42601
3.15,0.2162557,-21.60853
3.16,0.1698923,-21.47037
3.17,0.132746,-20.96351
3.18,0.1031639,-20.04122
3.19,0.07974607,-18.65958
3.2,0.06131698,-16.77917
3.21,0.04689824,-14.36683
3.22,0.03568206,-11.39752
3.23,0.02700684,-7.856164
3.24,0.02033479,-3.739488
3.25,0.01523209,0.9423353
3.26,0.01135124,6.164196
3.27,0.008415916,11.88486
3.28,0.006207884,18.04616
3.29,0.00455595,24.57258
3.3,0.00332672,31.37145
3.31,0.002416927,38.33356
3.32,0.001747144,45.33452
3.33,0.001256662,52.23667
3.34,0.0008993692,58.89165
3.35,0.0006404561,65.14352
3.36,0.0004538021,70.83248
3.37,0.0003199232,75.79904
3.38,0.0002243696,79.88851
3.39,0.0001564834,82.95578
3.4,0.0001084444,84.87012
3.41,7.45395e-05,85.51988
3.42,5.060748e-05,84.81698
3.43,3.36193e-05,82.7009
3.44,2.136053e-05,79.14203
3.45,1.219147e-05,74.14426
3.46,4.864209e-06,67.74664
3.47,-1.619276e-06,60.02396
3.48,-8.120846e-06,51.0862
3.49,-1.54622e-05,41.07692
3.5,-2.451188e-05,30.17034
3.51,-3.627091e-05,18.56742
3.52,-5.196401e-05,6.490962
3.53,-7.314337e-05,-5.82024
3.54,-0.0001018118,-18.11781
3.55,-0.0001405732,-30.15074
3.56,-0.0001928189,-41.67245
3.57,-0.0002629594,-52.44791
3.58,-0.0003567137,-62.26037
3.59,-0.0004814693,-70.9176
3.6,-0.0006467286,-78.25725
3.61,-0.0008646598,-84.15132
3.62,-0.001150774,-88.50946
3.63,-0.001524755,-91.28091
3.64,-0.002011461,-92.45527
3.65,-0.002642145,-92.0618
3.66,-0.00345591,-90.16753
3.67,-0.004501455,-86.87408
3.68,-0.005839141,-82.31357
3.69,-0.007543424,-76.64353
3.7,-0.009705704,-70.04126
3.71,-0.01243763,-62.69777
3.72,-0.01587493,-54.81148
3.73,-0.02018173,-46.58212
3.74,-0.02555552,-38.20478
3.75,-0.0322327,-29.8646
3.76,-0.04049473,-21.73203
3.77,-0.05067488,-13.95897
3.78,-0.06316557,-6.675748
3.79,-0.07842626,0.01091864
3.8,-0.09699164,6.019002
3.81,-0.1194802,11.29135
3.82,-0.1466027,15.795
3.83,-0.1791706,19.51976
3.84,-0.2181038,22.47617
3.85,-0.2644376,24.69293
3.86,-0.3193278,26.21406
3.87,-0.384054,27.09577
3.88,-0.4600206,27.40338
3.89,-0.5487532,27.20821
3.9,-0.6518915,26.5847
3.91,-0.771177,25.60777
3.92,-0.9084336,24.35056
3.93,-1.065542,22.88249
3.94,-1.244404,21.26774
3.95,-1.4469,19.56413
3.96,-1.674836,17.82242
3.97,-1.929877,16.08589
3.98,-2.21347,14.39032
3.99,-2.52676,12.76418
4.0,-2.870488,11.22906
4.01,-3.244883,9.800252
4.02,-3.64954,8.487466
4.03,-4.083292,7.295566
4.04,-4.544081,6.225378
4.05,-5.028819,5.274453
4.06,-5.533251,4.43781
4.07,-6.051833,3.708602
4.08,-6.577611,3.078716
4.09,-7.102125,2.539293
4.1,-7.615333,2.081154
4.11,-8.105571,1.695148
4.12,-8.559551,1.372417
4.13,-8.962407,1.104595
4.14,-9.297791,0.8839402
4.15,-9.548041,0.7034127
4.16,-9.694408,0.5567124
4.17,-9.717354,0.4382807
4.18,-9.596936,0.3432759
4.19,-9.313248,0.2675309
4.2,-8.846951,0.2074993
4.21,-8.179866,0.1601936
4.22,-7.295617,0.1231219
4.23,-6.180335,0.09422462
4.24,-4.823385,0.07181437
4.25,-3.218102,0.05452014
4.26,-1.362522,0.04123662
4.27,0.739927,0.0310794
4.28,3.079802,0.02334585
4.29,5.641113,0.01748149
4.3,8.40092,0.0130516
4.31,11.32909,0.009717387
4.32,14.38821,0.007216381
4.33,17.53377,0.005346328
4.34,20.71453,0.00395219
4.35,23.87309,0.002915699
4.36,26.94685,0.00214705
4.37,29.86906,0.001578341
4.38,32.57022,0.001158438
4.39,34.97967,0.0008489717
4.4,37.02734,0.0006212536
4.41,38.64569,0.0004538947
4.42,39.77174,0.0003309925
4.43,40.34908,0.0002407494
4.44,40.32995,0.000174428
4.45,39.67711,0.0001255626
4.46,38.36567,8.936747e-05
4.47,36.38448,6.229311e-05
4.48,33.73743,4.16943e-05
4.49,30.44415,2.558176e-05
4.5,26.54045,1.243602e-05
4.51,22.07817,1.067187e-06
4.52,17.12456,-9.491624e-06
4.53,11.76119,-2.006652e-05
4.54,6.082297,-3.140771e-05
4.55,0.1927008,-4.424225e-05
4.56,-5.794698,-5.931877e-05
4.57,-11.76178,-7.744713e-05
4.58,-17.58835,-9.953529e-05
4.59,-23.15538,-0.0001266252
4.6,-28.34837,-0.0001599294
4.61,-33.06066,-0.0002008681
4.62,-37.19645,-0.0002511095
4.63,-40.67366,-0.000312612
4.64,-43.42633,-0.0003876688
4.65,-45.40647,-0.0004789561
4.66,-46.58546,-0.0005895829
4.67,-46.95476,-0.0007231429
4.68,-46.52596,-0.0008837672
4.69,-45.33019,-0.001076176
4.7,-43.41692,-0.001305729
4.71,-40.85217,-0.00157847
4.72,-37.71618,-0.001901164
4.73,-34.10065,-0.002281327
4.74,-30.10575,-0.002727234
4.75,-25.83681,-0.003247915
4.76,-21.40107,-0.00385312
4.77,-16.90436,-0.004553261
4.78,-12.44807,-0.005359303
4.79,-8.126341,-0.006282627
4.8,-4.023623,-0.007334831
4.81,-0.2127513,-0.008527471
4.82,3.246521,-0.009871741
4.83,6.308434,-0.01137808
4.84,8.941585,-0.01305568
4.85,11.12878,-0.01491194
4.86,12.86638,-0.01695182
4.87,14.16325,-0.01917708
4.88,15.0393,-0.02158548
4.89,15.52384,-0.02416987
4.9,15.65365,-0.02691719
4.91,15.47104,-0.02980751
4.92,15.02188,-0.03281289
4.93,14.35368,-0.03589639
4.94,13.51387,-0.03901103
4.95,12.54823,-0.0420988
4.96,11.49961,-0.04508989
4.97,10.40688,-0.04790205
4.98,9.304201,-0.05044015
4.99,8.220572,-0.05259616
5.0,7.1796,-0.05424943
5.01,6.199559,-0.05526746
5.02,5.293628,-0.05550723
5.03,4.470294,-0.0548171
5.04,3.733884,-0.05303939
5.05,3.085167,-0.05001366
5.06,2.522004,-0.04558073
5.07,2.039994,-0.03958753
5.08,1.633097,-0.03189256
5.09,1.294207,-0.02237218
5.1,1.015651,-0.0109274
5.11,0.7896133,0.002508748
5.12,0.6084702,0.01796354
5.13,0.4650471,0.03541681
5.14,0.352792,0.05479323
5.15,0.2658805,0.0759551
5.16,0.199261,0.09869582
5.17,0.1486512,0.1227345
5.18,0.110499,0.1477121
5.19,0.081918,0.1731893
5.2,0.06060804,0.1986467
5.21,0.04476984,0.2234878
5.22,0.03301953,0.2470449
5.23,0.02430868,0.2685878
5.24,0.01785288,0.2873365
5.25,0.01307058,0.302477
5.26,0.009532753,0.313181
5.27,0.006922968,0.3186281
5.28,0.005006745,0.3180315
5.29,0.003608915,0.3106664
5.3,0.002597324,0.2958995
5.31,0.00187144,0.2732198
5.32,0.001354485,0.2422697
5.33,0.0009879972,0.2028741
5.34,0.0007279546,0.1550682
5.35,0.0005418627,0.09912097
5.36,0.0004064087,0.03555365
5.37,0.0003054656,-0.03484749
5.38,0.0002283465,-0.1110264
5.39,0.0001682863,-0.1916605
5.4,0.0001211621,-0.2751738
5.41,8.447032e-05,-0.3597596
5.42,5.65681e-05,-0.4434133
5.43,3.616702e-05,-0.5239753
5.44,2.20468e-05,-0.5991836
5.45,1.29426e-05,-0.6667348
5.46,7.551651e-06,-0.7243519
5.47,4.606061e-06,-0.7698573
5.48,2.965638e-06,-0.8012496
5.49,1.696682e-06,-0.8167794
5.5,1.163235e-07,-0.8150239
5.51,-2.204844e-06,-0.7949554
5.52,-5.478326e-06,-0.7560014
5.53,-9.760799e-06,-0.6980935
5.54,-1.503065e-05,-0.6217018
5.55,-2.126408e-05,-0.5278535
5.56,-2.849958e-05,-0.4181323
5.57,-3.6884e-05,-0.2946589
5.58,-4.669801e-05,-0.1600513
5.59,-5.83631e-05,-0.0173651
5.6,-7.243505e-05,0.1299849
5.61,-8.959068e-05,0.2783194
5.62,-0.0001106143,0.4238035
5.63,-0.0001363895,0.5625659
5.64,-0.0001678999,0.6908248
5.65,-0.0002062403,0.8050143
5.66,-0.0002526369,0.9019085
5.67,-0.0003084752,0.9787373
5.68,-0.0003753321,1.033288
5.69,-0.000455008,1.063989
5.7,-0.0005495566,1.069977
5.71,-0.0006613096,1.051129
5.72,-0.0007928942,1.008077
5.73,-0.000947243,0.9421936
5.74,-0.001127596,0.8555437
5.75,-0.001337496,0.7508165
5.76,-0.001580769,0.6312306
5.77,-0.001861506,0.5004193
5.78,-0.002184023,0.362301
5.79,-0.002552817,0.2209383
5.8,-0.002972501,0.08039402
5.81,-0.003447722,-0.05541239
5.82,-0.003983061,-0.18284
5.83,-0.004582898,-0.2986488
5.84,-0.005251258,-0.4001031
5.85,-0.005991624,-0.4850534
5.86,-0.006806713,-0.5519924
5.87,-0.007698223,-0.6000832
5.88,-0.008666545,-0.6291604
5.89,-0.009710446,-0.6397036
5.9,-0.01082672,-0.6327861
5.91,-0.01200981,-0.6100015
5.92,-0.01325144,-0.5733723
5.93,-0.01454018,-0.5252462
5.94,-0.01586108,-0.4681837
5.95,-0.01719525,-0.4048441
5.96,-0.01851953,-0.3378749
5.97,-0.01980615,-0.2698077
5.98,-0.02102248,-0.2029684
5.99,-0.0221309,-0.1394014
6.0,-0.02308866,-0.08081321
6.01,-0.02384805,-0.02853506
6.02,-0.02435659,0.0164943
6.03,-0.0245575,0.05372656
6.04,-0.02439031,0.08298423
6.05,-0.02379175,0.104426
6.06,-0.02269693,0.1184998
6.07,-0.02104073,0.1258879
6.08,-0.01875951,0.1274462
6.09,-0.01579309,0.1241426
6.1,-0.012087,0.1169979
6.11,-0.007594993,0.1070302
6.12,-0.00228177,0.09520826
6.13,0.003874135,0.08241195
6.14,0.01087736,0.06940425
6.15,0.01871268,0.0568125
6.16,0.02734208,0.04512
6.17,0.03670194,0.03466659
6.18,0.04670059,0.0256571
6.19,0.05721623,0.01817586
6.2,0.0680955,0.01220569
6.21,0.07915269,0.007649502
6.22,0.09016988,0.004352634
6.23,0.100898,0.002124629
6.24,0.1110592,0.0007589912
6.25,0.12035,5.006356e-05
6.26,0.1284464,-0.0001935929
6.27,0.1350098,-0.0001395951
6.28,0.1396947,7.41389e-05
6.29,0.1421568,0.0003418338
6.3,0.1420636,0.0005893686
6.31,0.1391052,0.000771481
6.32,0.1330058,0.0008673559
6.33,0.1235362,0.0008752854
6.34,0.1105259,0.0008070329
6.35,0.09387573,0.0006824366
6.36,0.0735692,0.0005246645
6.37,0.04968265,0.0003563933
6.38,0.02239414,0.0001970507
6.39,-0.008010107,6.113529e-05
6.4,-0.04113183,-4.247375e-05
6.41,-0.07646002,-0.0001103791
6.42,-0.1133737,-0.0001439087
6.43,-0.1511483,-0.0001479664
6.44,-0.1889667,-0.0001297071
6.45,-0.2259333,-9.722711e-05
6.46,-0.2610935,-5.841791e-05
6.47,-0.2934554,-2.008235e-05
6.48,-0.3220162,1.263692e-05
6.49,-0.3457909,3.651339e-05
6.5,-0.3638428,5.021009e-05
6.51,-0.3753161,5.403041e-05
6.52,-0.3794673,4.952034e-05
6.53,-0.3756974,3.899979e-05
6.54,-0.3635802,2.509403e-05
6.55,-0.3428885,1.032275e-05
6.56,-0.3136153,-3.213497e-06
6.57,-0.275989,-1.402938e-05
6.58,-0.2304823,-2.133138e-05
6.59,-0.1778133,-2.498831e-05
6.6,-0.1189388,-2.541997e-05
6.61,-0.05503864,-2.343414e-05
6.62,0.01250828,-2.004302e-05
6.63,0.08215587,-1.628738e-05
6.64,0.1522306,-1.309037e-05
6.65,0.2209777,-1.11551e-05
6.66,0.2866124,-1.091179e-05
6.67,0.3473747,-1.251252e-05
6.68,0.4015865,-1.586554e-05
6.69,0.4477072,-2.069725e-05
6.7,0.4843883,-2.662796e-05
6.71,0.5105218,-3.324837e-05
6.72,0.5252836,-4.018552e-05
6.73,0.5281669,-4.715053e-05
6.74,0.5190065,-5.396428e-05
6.75,0.4979908,-6.056074e-05
6.76,0.4656618,-6.697111e-05
6.77,0.4229028,-7.329391e-05
6.78,0.3709131,-7.965749e-05
6.79,0.3111706,-8.618122e-05
6.8,0.2453844,-9.294112e-05
6.81,0.1754377,-9.994369e-05
6.82,0.1033244,-0.0001071103
6.83,0.03108086,-0.0001142724
6.84,-0.03928407,-0.0001211761
6.85,-0.105858,-0.0001274942
6.86,-0.1668899,-0.000132842
6.87,-0.2208491,-0.0001367948
6.88,-0.2664744,-0.0001389031
6.89,-0.3028133,-0.000138706
6.9,-0.3292485,-0.0001357399
6.91,-0.3455102,-0.0001295438
6.92,-0.3516753,-0.0001196629
6.93,-0.3481532,-0.0001056498
6.94,-0.3356577,-8.706818e-05
6.95,-0.3151685,-6.349812e-05
6.96,-0.2878832,-3.454609e-05
6.97,-0.2551616,1.403467e-07
6.98,-0.2184659,4.085243e-05
6.99,-0.1792997,8.779529e-05
7.0,-0.1391465,0.000141059
7.01,-0.09941413,0.0002005869
7.02,-0.06138334,0.000266143
7.03,-0.02616581,0.0003372798
7.04,0.005328622,0.0004133079
7.05,0.03241377,0.0004932703
7.06,0.05463775,0.0005759208
7.07,0.07178241,0.0006597089
7.08,0.08385244,0.0007427724
7.09,0.09105507,0.0008229382
7.1,0.09377214,0.0008977326
7.11,0.09252629,0.0009644018
7.12,0.08794347,0.001019945
7.13,0.08071381,0.00106116
7.14,0.07155301,0.001084701
7.15,0.06116617,0.001087154
7.16,0.05021569,0.001065124
7.17,0.03929468,0.001015336
7.18,0.02890658,0.0009347599
7.19,0.01945175,0.0008207301
7.2,0.01122089,0.0006710928
7.21,0.004395106,0.0004843493
7.22,-0.000948123,0.000259806
7.23,-0.004824058,-2.27874e-06
7.24,-0.007325983,-0.0003005558
7.25,-0.008607992,-0.0006324609
7.26,-0.00886657,-0.0009941117
7.27,-0.008322206,-0.001380233
7.28,-0.00720216,-0.001784116
7.29,-0.005725298,-0.002197622
7.3,-0.004089696,-0.002611233
7.31,-0.00246343,-0.003014153
7.32,-0.000978736,-0.003394471
7.33,0.0002705342,-0.00373938
7.34,0.001228444,-0.004035458
7.35,0.00187395,-0.004269007
7.36,0.002215901,-0.004426446
7.37,0.002286702,-0.004494752
7.38,0.002135297,-0.00446194
7.39,0.001820094,-0.004317566
7.4,0.001402366,-0.004053245
7.41,0.0009405629,-0.003663159
7.42,0.0004858334,-0.003144538
7.43,7.892692e-05,-0.002498101
7.44,-0.0002514961,-0.00172842
7.45,-0.0004892269,-0.0008441951
7.46,-0.0006297257,0.0001415742
7.47,-0.0006784415,0.00121156
7.48,-0.0006485243,0.002344215
7.49,-0.0005582264,0.003514044
7.5,-0.0004282746,0.004692044
7.51,-0.0002794546,0.005846303
7.52,-0.0001305957,0.006942775
7.53,2.920783e-06,0.007946193
7.54,0.0001100733,0.008821122
7.55,0.0001845358,0.009533112
7.56,0.000224497,0.01004992
7.57,0.0002320615,0.01034278
7.58,0.0002123573,0.01038763
7.59,0.0001724836,0.0101663
7.6,0.0001204307,0.009667566
7.61,6.408378e-05,0.008888078
7.62,1.040041e-05,0.007833025
7.63,-3.518075e-05,0.006516578
7.64,-6.907425e-05,0.004962024
7.65,-8.962991e-05,0.003201578
7.66,-9.699255e-05,0.001275856
7.67,-9.278883e-05,-0.0007669948
7.68,-7.970124e-05,-0.00287251
7.69,-6.099299e-05,-0.004981424
7.7,-4.004316e-05,-0.007031463
7.71,-1.994211e-05,-0.008959358
7.72,-3.182967e-06,-0.01070301
7.73,8.530761e-06,-0.01220372
7.74,1.43571e-05,-0.01340845
7.75,1.427712e-05,-0.01427188
7.76,8.967008e-06,-0.01475844
7.77,-3.909904e-07,-0.01484387
7.78,-1.232763e-05,-0.01451659
7.79,-2.530536e-05,-0.01377848
7.8,-3.791072e-05,-0.0126453
7.81,-4.90014e-05,-0.01114653
7.82,-5.779678e-05,-0.009324638
7.83,-6.390921e-05,-0.007233854
7.84,-6.732076e-05,-0.004938458
7.85,-6.831617e-05,-0.002510579
7.86,-6.738649e-05,-2.764615e-05
7.87,-6.51196e-05,0.002430427
7.88,-6.209307e-05,0.004784227
7.89,-5.878276e-05,0.006957856
7.9,-5.54963e-05,0.008881856
7.91,-5.233688e-05,0.0104959
7.92,-4.919785e-05,0.01175117
7.93,-4.578495e-05,0.01261222
7.94,-4.165999e-05,0.01305838
7.95,-3.629793e-05,0.01308448
7.96,-2.914879e-05,0.01270094
7.97,-1.969654e-05,0.01193322
7.98,-7.508547e-06,0.01082065
7.99,7.728573e-06,0.009414563
8.0,2.618849e-05,0.007776097
8.01,4.789944e-05,0.005973437
8.02,7.275081e-05,0.004078873
8.03,0.0001005082,0.002165689
8.04,0.0001308324,0.0003050724
8.05,0.0001632985,-0.001436828
8.06,0.0001974106,-0.003001549
8.07,0.0002326109,-0.004340549
8.08,0.0002682809,-0.005416928
8.09,0.0003037367,-0.006206563
8.1,0.0003382184,-0.006698619
8.11,0.0003708781,-0.006895416
8.12,0.0004007675,-0.006811684
8.13,0.0004268307,-0.006473262
8.14,0.000447903,-0.005915315
8.15,0.0004627198,-0.005180184
8.16,0.0004699351,-0.004314983
8.17,0.0004681512,-0.003369089
8.18,0.0004559593,-0.002391642
8.19,0.0004319883,-0.001429194
8.2,0.0003949612,-0.000523633
8.21,0.0003437564,0.0002895461
8.22,0.0002774716,0.0009825208
8.23,0.0001954873,0.001535944
8.24,9.752926e-05,0.001939247
8.25,-1.627386e-05,0.002190448
8.26,-0.000145338,0.002295523
8.27,-0.0002885786,0.002267377
8.28,-0.0004443753,0.002124523
8.29,-0.0006105456,0.001889551
8.3,-0.0007843329,0.001587487
8.31,-0.0009624076,0.001244154
8.32,-0.001140885,0.0008846303
8.33,-0.001315361,0.0005318827
8.34,-0.001480971,0.0002056504
8.35,-0.001632467,-7.837418e-05
8.36,-0.001764318,-0.0003090428
8.37,-0.00187084,-0.0004799203
8.38,-0.001946337,-0.0005891444
8.39,-0.001985276,-0.0006390106
8.4,-0.00198247,-0.0006353345
8.41,-0.001933279,-0.0005866525
8.42,-0.001833817,-0.0005033297
8.43,-0.001681165,-0.0003966413
8.44,-0.001473571,-0.0002778948
8.45,-0.001210642,-0.0001576464
8.46,-0.0008935138,-4.505877e-05
8.47,-0.0005249817,5.257073e-05
8.48,-0.0001096008,0.0001300945
8.49,0.0003462676,0.0001846108
8.5,0.0008344619,0.0002153848
8.51,0.001345088,0.0002236184
8.52,0.001866651,0.0002121021
8.53,0.002386254,0.0001847889
8.54,0.002889868,0.0001463301
8.55,0.003362659,0.000101613
8.56,0.00378938,5.533777e-05
8.57,0.004154815,1.166036e-05
8.58,0.004444264,-2.60757e-05
8.59,0.004644049,-5.550822e-05
8.6,0.004742045,-7.532308e-05
8.61,0.004728192,-8.522513e-05
8.62,0.00459499,-8.582675e-05
8.63,0.004337944,-7.847296e-05
8.64,0.003955947,-6.502548e-05
8.65,0.003451571,-4.762883e-05
8.66,0.002831261,-2.848117e-05
8.67,0.002105399,-9.629184e-06
8.68,0.001288245,7.197615e-06
8.69,0.0003977311,2.070296e-05
8.7,-0.0005448904,3.008576e-05
8.71,-0.001515536,3.504869e-05
8.72,-0.002487917,3.575886e-05
8.73,-0.003434287,3.277005e-05
8.74,-0.004326289,2.691818e-05
8.75,-0.005135873,1.920325e-05
8.76,-0.005836263,1.067029e-05
8.77,-0.00640293,2.301108e-06
8.78,-0.006814543,-5.0742e-06
8.79,-0.007053845,-1.083965e-05
8.8,-0.007108436,-1.462672e-05
8.81,-0.006971406,-1.631876e-05
8.82,-0.006641801,-1.602956e-05
8.83,-0.006124892,-1.406132e-05
8.84,-0.005432212,-1.084859e-05
8.85,-0.004581371,-6.895734e-06
8.86,-0.003595629,-2.715029e-06
8.87,-0.00250324,1.228318e-06
8.88,-0.001336585,4.55928e-06
8.89,-0.0001311131,7.021168e-06
8.9,0.001075862,8.487642e-06
8.91,0.002246478,8.959204e-06
8.92,0.003343697,8.546391e-06
8.93,0.004332675,7.443025e-06
8.94,0.005182084,5.893605e-06
8.95,0.005865319,4.159057e-06
8.96,0.006361543,2.484792e-06
8.97,0.006656515,1.074318e-06
8.98,0.006743171,7.067352e-08
8.99,0.006621918,-4.531502e-07
9.0,0.006300632,-4.947775e-07
9.01,0.005794345,-1.14973e-07
9.02,0.005124646,5.761083e-07
9.03,0.004318798,1.436676e-06
9.04,0.003408623,2.312594e-06
9.05,0.002429199,3.05585e-06
9.06,0.001417417,3.540196e-06
9.07,0.0004104733,3.672532e-06
9.08,-0.0005556451,3.39923e-06
9.09,-0.001447605,2.707316e-06
9.1,-0.002236044,1.621014e-06
9.11,-0.002896693,1.94658e-07
9.12,-0.003411265,-1.496698e-06
9.13,-0.003768051,-3.367536e-06
9.14,-0.003962222,-5.331596e-06
9.15,-0.003995811,-7.309931e-06
9.16,-0.003877383,-9.236457e-06
9.17,-0.003621416,-1.106061e-05
9.18,-0.003247431,-1.274714e-05
9.19,-0.002778906,-1.427336e-05
9.2,-0.002242053,-1.562465e-05
9.21,-0.001664495,-1.678898e-05
9.22,-0.001073935,-1.775135e-05
9.23,-0.0004968658,-1.848913e-05
9.24,4.260068e-05,-1.896877e-05
9.25,0.0005237449,-1.914458e-05
9.26,0.0009300323,-1.895951e-05
9.27,0.001249661,-1.834805e-05
9.28,0.001475846,-1.724081e-05
9.29,0.001606828,-1.557034e-05
9.3,0.001645634,-1.327752e-05
9.31,0.00159959,-1.0318e-05
9.32,0.001479649,-6.668039e-06
9.33,0.001299557,-2.329312e-06
9.34,0.00107493,2.667682e-06
9.35,0.000822279,8.26172e-06
9.36,0.0005580573,1.436052e-05
9.37,0.000297772,2.084183e-05
9.38,5.520922e-05,2.755582e-05
9.39,-0.0001581881,3.432837e-05
9.4,-0.0003337641,4.096523e-05
9.41,-0.0004658997,4.725663e-05
9.42,-0.0005520672,5.298244e-05
9.43,-0.0005926972,5.791748e-05
9.44,-0.000590881,6.18373e-05
9.45,-0.000551935,6.452426e-05
9.46,-0.0004828664,6.577393e-05
9.47,-0.0003917784,6.540202e-05
9.48,-0.000287258,6.325162e-05
9.49,-0.0001777856,5.920081e-05
9.5,-7.12037e-05,5.317033e-05
9.51,2.572677e-05,4.513114e-05
9.52,0.0001076588,3.511144e-05
9.53,0.0001708688,2.320272e-05
9.54,0.0002133374,9.56439e-06
9.55,0.0002347086,-5.573534e-06
9.56,0.0002361388,-2.191004e-05
9.57,0.0002200554,-3.907547e-05
9.58,0.0001898507,-5.663687e-05
9.59,0.0001495364,-7.410638e-05
9.6,0.0001033888,-9.095275e-05
9.61,5.560874e-05,-0.0001066157
9.62,1.002119e-05,-0.0001205229
9.63,-3.016741e-05,-0.0001321091
9.64,-6.254195e-05,-0.0001408364
9.65,-8.557445e-05,-0.0001462157
9.66,-9.864304e-05,-0.0001478284
9.67,-0.0001019797,-0.0001453463
9.68,-9.655721e-05,-0.0001385505
9.69,-8.393051e-05,-0.0001273483
9.7,-6.604791e-05,-0.0001117855
9.71,-4.505116e-05,-9.205554e-05
9.72,-2.308044e-05,-6.85036e-05
9.73,-2.099979e-06,-4.162553e-05
9.74,1.624393e-05,-1.206105e-05
9.75,3.072385e-05,1.941881e-05
9.76,4.058687e-05,5.193017e-05
9.77,4.556474e-05,8.450014e-05
9.78,4.584208e-05,0.0001160959
9.79,4.198953e-05,0.000145658
9.8,3.487089e-05,0.0001721368
9.81,2.55348e-05,0.0001945316
9.82,1.510185e-05,0.0002119297
9.83,4.657349e-06,0.0002235449
9.84,-4.841364e-06,0.0002287537
9.85,-1.263639e-05,0.0002271273
9.86,-1.821522e-05,0.0002184573
9.87,-2.132974e-05,0.0002027749
9.88,-2.198905e-05,0.0001803612
9.89,-2.042965e-05,0.0001517479
9.9,-1.706778e-05,0.0001177088
9.91,-1.244025e-05,7.924023e-05
9.92,-7.140355e-06,3.753225e-05
9.93,-1.755278e-06,-6.069806e-06
9.94,3.189088e-06,-5.011141e-05
9.95,7.271619e-06,-9.308141e-05
9.96,1.020467e-05,-0.000133469
9.97,1.184681e-05,-0.000169823
9.98,1.219994e-05,-0.0002008101
9.99,1.139269e-05,-0.0002252716
10.0,9.653083e-06,-0.0002422731
10.01,7.27428e-06,-0.0002511474
10.02,4.577445e-06,-0.000251527
10.03,1.875791e-06,-0.000243365
10.04,-5.567551e-07,-0.0002269428
10.05,-2.509558e-06,-0.0002028641
10.06,-3.850246e-06,-0.0001720346
10.07,-4.530035e-06,-0.0001356289
10.08,-4.579822e-06,-9.504457e-05
10.09,-4.098365e-06,-5.184588e-05
10.1,-3.234558e-06,-7.699537e-06
10.11,-2.166226e-06,3.569513e-05
10.12,-1.077987e-06,7.667822e-05
10.13,-1.405932e-07,0.0001137002
10.14,5.062425e-07,0.0001453886
10.15,7.660768e-07,0.0001706069
10.16,5.922252e-07,0.0001885033
10.17,-1.158912e-08,0.0001985463
10.18,-9.959035e-07,0.0002005458
10.19,-2.274457e-06,0.0001946583
10.2,-3.736006e-06,0.0001813759
10.21,-5.257441e-06,0.0001614996
10.22,-6.716656e-06,0.0001360986
10.23,-8.003804e-06,0.0001064563
10.24,-9.029889e-06,7.400742e-05
10.25,-9.732057e-06,4.026828e-05
10.26,-1.007539e-05,6.763893e-06
10.27,-1.005142e-05,-2.504412e-05
10.28,-9.673926e-06,-5.382532e-05
10.29,-8.972924e-06,-7.844053e-05
10.3,-7.987689e-06,-9.799116e-05
10.31,-6.759925e-06,-0.0001118554
10.32,-5.3279e-06,-0.0001197095
10.33,-3.722226e-06,-0.0001215335
10.34,-1.963726e-06,-0.000117601
10.35,-6.348692e-08,-0.0001084541
10.36,1.975029e-06,-9.486521e-05
10.37,4.152243e-06,-7.778803e-05
10.38,6.467655e-06,-5.83002e-05
10.39,8.914646e-06,-3.754175e-05
10.4,1.147559e-05,-1.665219e-05
10.41,1.41179e-05,3.289888e-06
10.42,1.679149e-05,2.132151e-05
10.43,1.942793e-05,3.664143e-05
10.44,2.194153e-05,4.864524e-05
10.45,2.423207e-05,5.694798e-05
10.46,2.618915e-05,6.139324e-05
10.47,2.769757e-05,6.204886e-05
10.48,2.864343e-05,5.918991e-05
10.49,2.892041e-05,5.327054e-05
10.5,2.843579e-05,4.488676e-05
10.51,2.711578e-05,3.473283e-05
10.52,2.491007e-05,2.355411e-05
10.53,2.179513e-05,1.209948e-05
10.54,1.777652e-05,1.076197e-06
10.55,1.289003e-05,-8.890081e-06
10.56,7.20188e-06,-1.728791e-05
10.57,8.079643e-07,-2.374362e-05
10.58,-6.16751e-06,-2.803475e-05
10.59,-1.357407e-05,-3.009316e-05
10.6,-2.123755e-05,-2.999802e-05
10.61,-2.896317e-05,-2.795981e-05
10.62,-3.653916e-05,-2.429681e-05
10.63,-4.374108e-05,-1.940612e-05
10.64,-5.033667e-05,-1.373142e-05
10.65,-5.609165e-05,-7.729804e-06
10.66,-6.077613e-05,-1.840073e-06
10.67,-6.417185e-05,3.545581e-06
10.68,-6.608007e-05,8.104629e-06
10.69,-6.632976e-05,1.160082e-05
10.7,-6.478601e-05,1.38936e-05
10.71,-6.135817e-05,1.494007e-05
10.72,-5.600727e-05,1.478997e-05
10.73,-4.875232e-05,1.357439e-05
10.74,-3.967508e-05,1.148944e-05
10.75,-2.892276e-05,8.776564e-06
10.76,-1.670844e-05,5.700926e-06
10.77,-3.308853e-06,2.529828e-06
10.78,1.09405e-05,-4.874059e-07
10.79,2.565296e-05,-3.136595e-06
10.8,4.040098e-05,-5.251865e-06
10.81,5.472858e-05,-6.724082e-06
10.82,6.816596e-05,-7.504267e-06
10.83,8.024539e-05,-7.602092e-06
10.84,9.051816e-05,-7.079935e-06
10.85,9.857173e-05,-6.043287e-06
10.86,0.0001040466,-4.628552e-06
10.87,0.0001066519,-2.98938e-06
10.88,0.0001061799,-1.282766e-06
10.89,0.000102517,3.439758e-07
10.9,9.565353e-05,1.764358e-06
10.91,8.568823e-05,2.881228e-06
10.92,7.283056e-05,3.63214e-06
10.93,5.739803e-05,3.991402e-06
10.94,3.980966e-05,3.968871e-06
10.95,2.057516e-05,3.605872e-06
10.96,2.802521e-07,2.968791e-06
10.97,-2.043178e-05,2.141095e-06
10.98,-4.088155e-05,1.214567e-06
10.99,-6.037745e-05,2.805815e-07
11.0,-7.824111e-05,-5.778326e-07
11.01,-9.383345e-05,-1.292505e-06
11.02,-0.0001065802,-1.81477e-06
11.03,-0.0001159962,-2.117976e-06
11.04,-0.0001217064,-2.197822e-06
11.05,-0.0001234638,-2.070651e-06
11.06,-0.0001211628,-1.770041e-06
11.07,-0.0001148467,-1.342125e-06
11.08,-0.0001047096,-8.401795e-07
11.09,-9.10921e-05,-3.190314e-07
11.1,-7.447087e-05,1.701886e-07
11.11,-5.544186e-05,5.84485e-07
11.12,-3.469843e-05,8.922881e-07
11.13,-1.300468e-05,1.075381e-06
11.14,8.834716e-06,1.129399e-06
11.15,3.000702e-05,1.062964e-06
11.16,4.972479e-05,8.956605e-07
11.17,6.72587e-05,6.551388e-07
11.18,8.196822e-05,3.736868e-07
11.19,9.332886e-05,8.465911e-08
11.2,0.0001009545,-1.808899e-07
11.21,0.0001046141,-3.970539e-07
11.22,0.0001042408,-5.451712e-07
11.23,9.993541e-05,-6.150268e-07
11.24,9.196031e-05,-6.051174e-07
11.25,8.072783e-05,-5.220321e-07
11.26,6.678078e-05,-3.790867e-07
11.27,5.07675e-05,-1.944098e-07
11.28,3.341189e-05,1.12776e-08
11.29,1.54802e-05,2.16942e-07
11.3,-2.25407e-06,4.03338e-07
11.31,-1.904537e-05,5.547335e-07
11.32,-3.42097e-05,6.601152e-07
11.33,-4.715496e-05,7.137973e-07
11.34,-5.740663e-05,7.15424e-07
11.35,-6.46274e-05,6.694196e-07
11.36,-6.862993e-05,5.839962e-07
11.37,-6.938208e-05,4.698634e-07
11.38,-6.700438e-05,3.388072e-07
11.39,-6.175999e-05,2.023023e-07
11.4,-5.403777e-05,7.030836e-08
11.41,-4.432931e-05,-4.963377e-08
11.42,-3.320129e-05,-1.529318e-07
11.43,-2.126475e-05,-2.380697e-07
11.44,-9.142715e-06,-3.063518e-07
11.45,2.561797e-06,-3.613254e-07
11.46,1.329588e-05,-4.079713e-07
11.47,2.258329e-05,-4.517745e-07
11.48,3.004608e-05,-4.977905e-07
11.49,3.542032e-05,-5.498176e-07
11.5,3.856506e-05,-6.097631e-07
11.51,3.946439e-05,-6.772668e-07
11.52,3.822248e-05,-7.49612e-07
11.53,3.50523e-05,-8.2192e-07
11.54,3.025863e-05,-8.875933e-07
11.55,2.421667e-05,-9.3895e-07
11.56,1.734755e-05,-9.679729e-07
11.57,1.009229e-05,-9.67091e-07
11.58,2.885703e-06,-9.299136e-07
11.59,-3.868063e-06,-8.518474e-07
11.6,-9.817181e-06,-7.305443e-07
11.61,-1.467964e-05,-5.661508e-07
11.62,-1.825579e-05,-3.613496e-07
11.63,-2.043534e-05,-1.212089e-07
11.64,-2.119862e-05,1.471301e-07
11.65,-2.061237e-05,4.348831e-07
11.66,-1.882034e-05,7.3212e-07
11.67,-1.60297e-05,1.02828e-06
11.68,-1.249434e-05,1.312662e-06
11.69,-8.49596e-06,1.574853e-06
11.7,-4.324677e-06,1.805082e-06
11.71,-2.600288e-07,1.994484e-06
11.72,3.446167e-06,2.13529e-06
11.73,6.584192e-06,2.220952e-06
11.74,8.997214e-06,2.246227e-06
11.75,1.058796e-05,2.20725e-06
11.76,1.132104e-05,2.101604e-06
11.77,1.122101e-05,1.928422e-06
11.78,1.036652e-05,1.6885e-06
11.79,8.881207e-06,1.384444e-06
11.8,6.922e-06,1.02082e-06
11.81,4.666e-06,6.04279e-07
11.82,2.296737e-06,1.436533e-07
11.83,-9.101102e-09,-3.50035e-07
11.84,-2.09359e-06,-8.636595e-07
11.85,-3.827371e-06,-1.382201e-06
11.86,-5.116755e-06,-1.889096e-06
11.87,-5.907798e-06,-2.366717e-06
11.88,-6.187214e-06,-2.796986e-06
11.89,-5.980276e-06,-3.162085e-06
11.9,-5.346024e-06,-3.445238e-06
11.91,-4.370322e-06,-3.63152e-06
11.92,-3.157403e-06,-3.708645e-06
11.93,-1.820637e-06,-3.667695e-06
11.94,-4.732642e-07,-3.503731e-06
11.95,7.802063e-07,-3.216256e-06
11.96,1.851309e-06,-2.809496e-06
11.97,2.673178e-06,-2.292484e-06
11.98,3.204035e-06,-1.67892e-06
11.99,3.428465e-06,-9.868317e-07
12.0,3.356539e-06,-2.380254e-07
12.01,3.020993e-06,5.426379e-07
12.02,2.472817e-06,1.32812e-06
12.03,1.775713e-06,2.090201e-06
12.04,9.999465e-07,2.800549e-06
12.05,2.161281e-07,3.431835e-06
12.06,-5.105705e-07,3.958837e-06
12.07,-1.125319e-06,4.359494e-06
12.08,-1.587311e-06,4.615879e-06
12.09,-1.872008e-06,4.715034e-06
12.1,-1.971859e-06,4.649644e-06
12.11,-1.895545e-06,4.41851e-06
12.12,-1.665909e-06,4.026799e-06
12.13,-1.316852e-06,3.486043e-06
12.14,-8.895223e-07,2.813886e-06
12.15,-4.28174e-07,2.033561e-06
12.16,2.391687e-08,1.17312e-06
12.17,4.281401e-07,2.644316e-07
12.18,7.535452e-07,-6.580335e-07
12.19,9.789317e-07,-1.558566e-06
12.2,1.093918e-06,-2.401692e-06
12.21,1.098967e-06,-3.153691e-06
12.22,1.004445e-06,-3.784081e-06
12.23,8.288644e-07,-4.267017e-06
12.24,5.965303e-07,-4.582513e-06
12.25,3.348436e-07,-4.717434e-06
12.26,7.153335e-08,-4.666202e-06
12.27,-1.679273e-07,-4.431157e-06
12.28,-3.624988e-07,-4.022571e-06
12.29,-4.971748e-07,-3.458277e-06
12.3,-5.639007e-07,-2.762939e-06
12.31,-5.617753e-07,-1.966991e-06
12.32,-4.965696e-07,-1.105273e-06
12.33,-3.79659e-07,-2.154551e-07
12.34,-2.265125e-07,6.636988e-07
12.35,-5.49127e-08,1.494133e-06
12.36,1.169025e-07,2.24028e-06
12.37,2.719975e-07,2.870722e-06
12.38,3.962341e-07,3.35967e-06
12.39,4.79382e-07,3.688153e-06
12.4,5.157693e-07,3.844889e-06
12.41,5.044431e-07,3.826769e-06
12.42,4.488659e-07,3.638938e-06
12.43,3.562132e-07,3.294462e-06
12.44,2.363717e-07,2.813612e-06
12.45,1.007625e-07,2.222779e-06
12.46,-3.88809e-08,1.553092e-06
12.47,-1.716545e-07,8.388106e-07
12.48,-2.884367e-07,1.155606e-07
12.49,-3.82573e-07,-5.814739e-07
12.5,-4.502434e-07,-1.219324e-06
12.51,-4.905027e-07,-1.768873e-06
12.52,-5.050159e-07,-2.206273e-06
12.53,-4.975428e-07,-2.514068e-06
12.54,-4.732463e-07,-2.68196e-06
12.55,-4.379135e-07,-2.707183e-06
12.56,-3.971812e-07,-2.594468e-06
12.57,-3.558498e-07,-2.355604e-06
12.58,-3.173555e-07,-2.008616e-06
12.59,-2.834482e-07,-1.576624e-06
12.6,-2.540984e-07,-1.086439e-06
12.61,-2.276286e-07,-5.669837e-07
12.62,-2.01043e-07,-4.762994e-08
12.63,-1.705075e-07,4.434475e-07
12.64,-1.319198e-07,8.80812e-07
12.65,-8.150286e-08,1.243108e-06
12.66,-1.635606e-08,1.51413e-06
12.67,6.509388e-08,1.683568e-06
12.68,1.62786e-07,1.747379e-06
12.69,2.748891e-07,1.707783e-06
12.7,3.978445e-07,1.572886e-06
12.71,5.265767e-07,1.355964e-06
12.72,6.548451e-07,1.074465e-06
12.73,7.756966e-07,7.487798e-07
12.74,8.819738e-07,4.008973e-07
12.75,9.668289e-07,5.299408e-08
12.76,1.024198e-06,-2.739254e-07
12.77,1.049199e-06,-5.612665e-07
12.78,1.038423e-06,-7.938821e-07
12.79,9.9011e-07,-9.608527e-07
12.8,9.041998e-07,-1.055967e-06
12.81,7.822765e-07,-1.077883e-06
12.82,6.274198e-07,-1.029971e-06
12.83,4.439906e-07,-9.198582e-07
12.84,2.373798e-07,-7.587231e-07
12.85,1.374448e-08,-5.603824e-07
12.86,-2.202434e-07,-3.402523e-07
12.87,-4.576219e-07,-1.142496e-07
12.88,-6.913287e-07,1.022882e-07
12.89,-9.143539e-07,2.95594e-07
12.9,-1.119864e-06,4.543077e-07
12.91,-1.301308e-06,5.701104e-07
12.92,-1.452517e-06,6.381201e-07
12.93,-1.567816e-06,6.570317e-07
12.94,-1.642152e-06,6.290036e-07
12.95,-1.671255e-06,5.593099e-07
12.96,-1.651816e-06,4.557919e-07
12.97,-1.581696e-06,3.281579e-07
12.98,-1.460137e-06,1.871875e-07
12.99,-1.287957e-06,4.390102e-08
13.0,-1.067722e-06,-9.124362e-08
13.01,-8.038536e-07,-2.090709e-07
13.02,-5.026691e-07,-3.022756e-07
13.03,-1.723204e-07,-3.658415e-07
13.04,1.773652e-07,-3.972698e-07
13.05,5.351528e-07,-3.966079e-07
13.06,8.887689e-07,-3.662881e-07
13.07,1.225358e-06,-3.107958e-07
13.08,1.532006e-06,-2.362033e-07
13.09,1.796308e-06,-1.496094e-07
13.1,2.006938e-06,-5.853378e-08
13.11,2.154201e-06,2.968639e-08
13.12,2.230536e-06,1.084493e-07
13.13,2.230928e-06,1.723525e-07
13.14,2.153215e-06,2.175357e-07
13.15,1.998282e-06,2.418818e-07
13.16,1.770102e-06,2.450692e-07
13.17,1.47566e-06,2.284778e-07
13.18,1.124725e-06,1.949666e-07
13.19,7.295048e-07,1.485449e-07
13.2,3.041946e-07,9.397275e-08
13.21,-1.355711e-07,3.632462e-08
13.22,-5.733291e-07,-1.944507e-08
13.23,-9.924417e-07,-6.889926e-08
13.24,-1.376766e-06,-1.084481e-07
13.25,-1.711311e-06,-1.355879e-07
13.26,-1.982864e-06,-1.490351e-07
13.27,-2.180549e-06,-1.487495e-07
13.28,-2.296306e-06,-1.358521e-07
13.29,-2.32526e-06,-1.124503e-07
13.3,-2.26598e-06,-8.139123e-08
13.31,-2.120586e-06,-4.596744e-08
13.32,-1.894727e-06,-9.604191e-09
13.33,-1.597399e-06,2.444478e-08
13.34,-1.240619e-06,5.336683e-08
13.35,-8.389645e-07,7.500433e-08
13.36,-4.089858e-07,8.799771e-08
13.37,3.148678e-08,9.184951e-08
13.38,4.641048e-07,8.690862e-08
13.39,8.708086e-07,7.428104e-08
13.4,1.234638e-06,5.567955e-08
13.41,1.540508e-06,3.322941e-08
13.42,1.775916e-06,9.250102e-09
13.43,1.931528e-06,-1.396593e-08
13.44,2.001634e-06,-3.435735e-08
13.45,1.984428e-06,-5.026367e-08
13.46,1.882098e-06,-6.054724e-08
13.47,1.700729e-06,-6.465967e-08
13.48,1.449998e-06,-6.264993e-08
13.49,1.14271e-06,-5.511722e-08
13.5,7.941507e-07,-4.311653e-08
13.51,4.213359e-07,-2.802864e-08
13.52,4.215947e-08,-1.140898e-08
13.53,-3.254945e-07,5.169084e-09
13.54,-6.646365e-07,2.026151e-08
13.55,-9.600054e-07,3.26781e-08
13.56,-1.198807e-06,4.157389e-08
13.57,-1.371316e-06,4.650107e-08
13.58,-1.471321e-06,4.741883e-08
13.59,-1.49637e-06,4.466337e-08
13.6,-1.447825e-06,3.88833e-08
13.61,-1.330716e-06,3.094934e-08
13.62,-1.153402e-06,2.184889e-08
13.63,-9.270634e-07,1.257674e-08
13.64,-6.650548e-07,4.033365e-09
13.65,-3.821523e-07,-3.059814e-09
13.66,-9.373999e-08,-8.220547e-09
13.67,1.850209e-07,-1.123688e-08
13.68,4.399942e-07,-1.216792e-08
13.69,6.587995e-07,-1.131602e-08
13.7,8.314306e-07,-9.175117e-09
13.71,9.507318e-07,-6.361767e-09
13.72,1.012705e-06,-3.537245e-09
13.73,1.016635e-06,-1.329077e-09
13.74,9.650277e-07,-2.60268e-10
13.75,8.633697e-07,-6.930853e-10
13.76,7.197224e-07,-2.792445e-09
13.77,5.441809e-07,-6.511659e-09
13.78,3.482294e-07,-1.160087e-08
13.79,1.440326e-07,-1.763618e-08
13.8,-5.629291e-08,-2.40655e-08
13.81,-2.413841e-07,-3.026569e-08
13.82,-4.012726e-07,-3.560463e-08
13.83,-5.279227e-07,-3.950196e-08
13.84,-6.15638e-07,-4.148243e-08
13.85,-6.613126e-07,-4.121726e-08
13.86,-6.645166e-07,-3.855009e-08
13.87,-6.274149e-07,-3.350603e-08
13.88,-5.545271e-07,-2.62841e-08
13.89,-4.5235e-07,-1.723499e-08
13.9,-3.28869e-07,-6.827244e-09
13.91,-1.92993e-07,4.393875e-09
13.92,-5.39523e-08,1.585042e-08
13.93,7.930174e-08,2.697425e-08
13.94,1.986558e-07,3.72442e-08
13.95,2.973172e-07,4.621496e-08
13.96,3.701911e-07,5.353598e-08
13.97,4.141312e-07,5.895992e-08
13.98,4.280513e-07,6.23414e-08
13.99,4.128964e-07,6.362767e-08
14.0,3.714794e-07,6.28438e-08
14.01,3.082001e-07,6.007509e-08
14.02,2.286698e-07,5.544955e-08
14.03,1.392716e-07,4.912287e-08
14.04,4.668773e-08,4.126767e-08
14.05,-4.25714e-08,3.206804e-08
14.06,-1.226041e-07,2.171942e-08
14.07,-1.88492e-07,1.0433e-08
14.08,-2.365875e-07,-1.556839e-09
14.09,-2.647004e-07,-1.398407e-08
14.1,-2.72171e-07,-2.654378e-08
14.11,-2.598339e-07,-3.888827e-08
14.12,-2.298762e-07,-5.062821e-08
14.13,-1.856073e-07,-6.134008e-08
14.14,-1.311593e-07,-7.058023e-08
14.15,-7.114394e-08,-7.790504e-08
14.16,-1.029164e-08,-8.289615e-08
14.17,4.68992e-08,-8.51886e-08
14.18,9.647817e-08,-8.449964e-08
14.19,1.353021e-07,-8.065558e-08
14.2,1.612215e-07,-7.361403e-08
14.21,1.731826e-07,-6.34793e-08
14.22,1.712437e-07,-5.050927e-08
14.23,1.565053e-07,-3.511254e-08
14.24,1.309667e-07,-1.783579e-08
14.25,9.732137e-08,6.582614e-10
14.26,5.870989e-08,1.962087e-08
14.27,1.845262e-08,3.825344e-08
14.28,-2.021767e-08,5.574746e-08
14.29,-5.440163e-08,7.132562e-08
14.3,-8.173982e-08,8.428161e-08
14.31,-1.005655e-07,9.401615e-08
14.32,-1.099945e-07,1.000673e-07
14.33,-1.099479e-07,1.021332e-07
14.34,-1.011094e-07,1.000873e-07
14.35,-8.482398e-08,9.398336e-08
14.36,-6.294885e-08,8.405354e-08
14.37,-3.767166e-08,7.069688e-08
14.38,-1.131178e-08,5.446122e-08
14.39,1.387767e-08,3.601884e-08
14.4,3.589114e-08,1.613711e-08
14.41,5.31211e-08,-4.354256e-09
14.42,6.446689e-08,-2.459816e-08
14.43,6.939497e-08,-4.374594e-08
14.44,6.794842e-08,-6.099269e-08
14.45,6.070725e-08,-7.561105e-08
14.46,4.870595e-08,-8.698208e-08
14.47,3.331719e-08,-9.462232e-08
14.48,1.611379e-08,-9.820585e-08
14.49,-1.278376e-09,-9.758038e-08
14.5,-1.732324e-08,-9.277654e-08
14.51,-3.070119e-08,-8.400962e-08
14.52,-4.04095e-08,-7.167325e-08
14.53,-4.582932e-08,-5.632489e-08
14.54,-4.675527e-08,-3.866331e-08
14.55,-4.338726e-08,-1.949854e-08
14.56,-3.628738e-08,2.844148e-10
14.57,-2.630769e-08,1.976684e-08
14.58,-1.449695e-08,3.804052e-08
14.59,-1.995814e-09,5.42527e-08
14.6,1.006955e-08,6.764945e-08
14.61,2.068588e-08,7.761486e-08
14.62,2.903483e-08,8.370383e-08
14.63,3.455237e-08,8.566632e-08
14.64,3.696143e-08,8.346143e-08
14.65,3.627656e-08,7.72603e-08
14.66,3.278187e-08,6.743733e-08
14.67,2.698591e-08,5.455017e-08
14.68,1.955907e-08,3.930936e-08
14.69,1.126037e-08,2.253939e-08
14.7,2.861119e-09,5.133399e-09
14.71,-4.927345e-09,-1.199592e-08
14.72,-1.151512e-08,-2.796619e-08
14.73,-1.64795e-08,-4.197328e-08
14.74,-1.959146e-08,-5.333424e-08
14.75,-2.082174e-08,-6.152302e-08
14.76,-2.032703e-08,-6.619681e-08
14.77,-1.841891e-08,-6.721159e-08
14.78,-1.55196e-08,-6.462629e-08
14.79,-1.21096e-08,-5.869521e-08
14.8,-8.672905e-09,-4.984964e-08
14.81,-5.645346e-09,-3.866967e-08
14.82,-3.370952e-09,-2.584825e-08
14.83,-2.070356e-09,-1.214941e-08
14.84,-1.8237e-09,1.636558e-09
14.85,-2.569032e-09,1.473852e-08
14.86,-4.115583e-09,2.644781e-08
14.87,-6.169872e-09,3.6157e-08
14.88,-8.371425e-09,4.339201e-08
14.89,-1.033408e-08,4.783583e-08
14.9,-1.168849e-08,4.934257e-08
14.91,-1.212156e-08,4.794128e-08
14.92,-1.140903e-08,4.382945e-08
14.93,-9.438232e-09,3.735675e-08
14.94,-6.219289e-09,2.900011e-08
14.95,-1.884071e-09,1.933179e-08
14.96,3.326391e-09,8.982441e-09
14.97,9.084336e-09,-1.398592e-09
14.98,1.500496e-08,-1.118318e-08
14.99,2.068019e-08,-1.980215e-08
15.0,2.571316e-08,-2.677861e-08
